258677, 921540, 790635, 888824, 554805, 123615, 237277, 948246, 445435, 572066, 857914, 852961, 909868, 503740, 211040, 558080, 313024, 907232, 345298, 976192, 601663, 444560, 239547, 630449, 738552, 226035, 427132, 879403, 816250, 124859, 840479, 526687, 450749, 473384, 874396, 678109, 842345, 620025, 273828, 338246, 212527, 690758, 539871, 421307, 793611, 824027, 453196, 266261, 642969, 931714, 958903, 653779, 460563, 857776, 192235, 939910, 919032, 570140, 952718, 716959, 342696, 517045, 265196, 146850
335318, 590245, 454521, 794332, 334680, 746706, 645163, 655806, 429109, 562767, 618745, 432318, 112123, 510079, 215405, 922980, 853101, 114933, 690675, 712923, 684619, 605920, 766465, 331899, 427049, 107160, 965547, 499928, 826855, 171742, 915405, 392001, 310351, 262054, 591417, 458441, 137022, 907552, 608305, 416274, 491731, 836088, 884925, 695043, 522494, 927138, 125198, 175562, 446293, 413249, 654977, 704534, 481411, 835962, 446681, 261673, 722161, 472169, 451051, 447541, 270337, 239209, 838702, 260465
265602, 351621, 163785, 555030, 369449, 411214, 822145, 405804, 726379, 973425, 524035, 500818, 910355, 453802, 820982, 218367, 801439, 564503, 533488, 945900, 556940, 419848, 905228, 609452, 422570, 198764, 345122, 350879, 737827, 747779, 291270, 996304, 961373, 676674, 301633, 623547, 299365, 164516, 762109, 736389, 564877, 343703, 852487, 976090, 156991, 968673, 344961, 792593, 450013, 452784, 455745, 161635, 709853, 429170, 646826, 387632, 321065, 595868, 340620, 846551, 520129, 699753, 971650, 335562
492367, 825076, 244954, 458380, 234992, 939548, 127676, 520088, 468360, 108704, 388491, 513177, 242248, 719150, 399861, 200056, 726079, 502579, 849495, 403130, 441350, 122525, 574917, 109307, 313352, 712410, 174867, 432842, 379446, 891774, 262649, 812408, 260050, 161575, 960708, 407854, 921028, 610441, 594556, 841282, 999255, 916776, 707917, 906316, 414590, 679287, 958611, 249119, 661592, 833243, 753371, 402219, 335785, 125397, 722205, 419147, 399382, 204774, 465168, 172539, 464797, 793270, 988244, 808060
169538, 776920, 802633, 339934, 711947, 892165, 777624, 198240, 215379, 775359, 145124, 398594, 104684, 349798, 605887, 195201, 539290, 829044, 351428, 473964, 987806, 384519, 501741, 945746, 547557, 120422, 617797, 502148, 701098, 694485, 949382, 543100, 590768, 974176, 635154, 747271, 429634, 290242, 465508, 630514, 226807, 883835, 323324, 153229, 397782, 733682, 898681, 816306, 445586, 194413, 258259, 801491, 842361, 528507, 201598, 564571, 376862, 466884, 685019, 712046, 411379, 835654, 631535, 290151
684360, 248964, 454472, 107369, 599147, 784819, 625052, 862733, 262313, 776116, 783171, 163438, 551703, 547084, 558989, 599913, 150590, 153200, 910113, 615294, 618643, 443363, 536765, 871537, 301474, 534762, 303719, 110872, 610869, 580969, 365990, 240834, 595641, 716781, 183473, 481694, 201742, 440577, 294231, 738748, 777698, 451184, 561754, 271139, 522219, 702648, 424745, 987106, 730793, 603773, 381755, 867930, 371543, 706145, 394388, 100081, 673122, 873562, 232029, 626943, 748661, 261088, 909761, 666395
744380, 365529, 136023, 947609, 574509, 162475, 221662, 399387, 954790, 572688, 107799, 305785, 341602, 858555, 998129, 672152, 451450, 753726, 719313, 211008, 151347, 458897, 506976, 993586, 723729, 451282, 513893, 897757, 339083, 575891, 683794, 866977, 942684, 190687, 283495, 279180, 509133, 309310, 670506, 197755, 718497, 510787, 472979, 784257, 201505, 718188, 603783, 825826, 418904, 552123, 226803, 428112, 815339, 680265, 549932, 323202, 173271, 497767, 693542, 419257, 333775, 394312, 384114, 507826
543124, 464933, 945657, 842420, 584236, 467184, 368084, 686159, 488953, 474895, 196028, 876534, 754741, 639303, 247056, 635189, 239461, 721351, 724374, 713738, 772313, 234533, 870309, 458024, 529200, 157377, 462557, 921584, 544076, 887929, 923284, 450550, 936312, 806690, 727566, 908479, 289952, 849050, 351411, 346401, 871236, 352761, 132219, 628574, 165770, 620143, 741486, 443922, 615630, 744115, 604023, 643572, 920310, 205722, 589940, 737577, 692043, 515738, 269206, 653092, 552473, 792619, 887429, 302508
351301, 240346, 989227, 948768, 455884, 828621, 100197, 268787, 858385, 548943, 886453, 620435, 926617, 744521, 456608, 266392, 407669, 717068, 834471, 270420, 469127, 725196, 830574, 141315, 725488, 166647, 421415, 648852, 424207, 456816, 323404, 904250, 771832, 999187, 510654, 485277, 132234, 147053, 685524, 713302, 555754, 831357, 207245, 990602, 868034, 285173, 605029, 299776, 868876, 871610, 238328, 742110, 218106, 735365, 839954, 726495, 350681, 239615, 934563, 674418, 680909, 853792, 137476, 357838
645887, 872819, 525967, 485518, 116019, 216099, 834055, 930537, 268391, 579101, 276126, 209155, 629658, 562090, 598723, 418318, 375632, 691914, 528636, 595039, 705122, 344076, 429596, 321189, 373587, 408122, 130507, 898053, 700931, 152638, 276157, 356180, 147910, 677925, 164448, 270462, 507874, 401522, 701641, 558530, 692721, 201630, 677104, 596900, 439603, 499118, 282457, 510524, 904443, 111645, 830353, 970244, 638298, 748522, 552499, 527602, 252307, 434438, 422412, 119920, 689585, 630735, 306762, 139420
663285, 240589, 194384, 928668, 577250, 980399, 652266, 321936, 472815, 403060, 541062, 682651, 869667, 427478, 473739, 588038, 917218, 839900, 554104, 722828, 204113, 225770, 318457, 675723, 813343, 167945, 223956, 481700, 543330, 299599, 757471, 765455, 823397, 625339, 675216, 367431, 860409, 209909, 149312, 107276, 935256, 298794, 200234, 798465, 161166, 862763, 828638, 615728, 123146, 281333, 548311, 349685, 752721, 338640, 480363, 813980, 736403, 268868, 771741, 570295, 569373, 152187, 539211, 483181
914677, 192233, 851040, 635848, 208443, 951219, 356579, 904763, 695227, 342170, 502108, 704129, 724375, 176066, 474752, 569188, 624824, 336068, 484434, 790079, 820361, 228517, 289757, 558734, 799215, 972316, 554289, 318830, 153061, 819622, 696422, 463501, 932111, 232986, 135981, 282992, 629850, 477268, 217059, 631902, 147903, 284630, 161434, 912667, 703317, 964043, 934872, 703860, 263308, 143454, 938024, 490737, 969329, 798655, 644995, 858335, 455723, 438488, 902240, 447877, 689873, 581083, 249907, 569690
521117, 478095, 287065, 385792, 462249, 535547, 434048, 464677, 385941, 769411, 390356, 966488, 281652, 525568, 960768, 980911, 819497, 345388, 951735, 105795, 326065, 448814, 779121, 578066, 955370, 480693, 695427, 195132, 930046, 116380, 637935, 245417, 507023, 549063, 862497, 263183, 311014, 802312, 982641, 409682, 103246, 450072, 450763, 498532, 276667, 937091, 851466, 255170, 204712, 782388, 332829, 334706, 188606, 668293, 280580, 581744, 782560, 903661, 642069, 350448, 453156, 289730, 571605, 725622
814575, 861289, 845357, 208876, 385917, 356924, 739556, 584938, 655745, 990649, 102768, 876756, 650592, 618714, 730195, 211616, 953092, 505436, 997553, 762590, 220680, 259318, 917165, 497322, 321335, 133844, 838678, 499909, 878953, 420068, 650270, 835468, 171364, 876959, 680229, 497723, 534698, 965013, 870169, 417667, 345583, 602033, 985107, 489091, 222501, 701658, 356583, 862057, 580060, 101096, 355590, 876512, 903666, 885754, 978537, 284250, 477266, 278715, 360354, 617054, 449807, 534974, 138309, 949206
167738, 341572, 188062, 749353, 905980, 389329, 665091, 610680, 685359, 576041, 237659, 960981, 373300, 391135, 788176, 812138, 448468, 920482, 978352, 330548, 617213, 812172, 102822, 445878, 584714, 979542, 779962, 542369, 543948, 175668, 962829, 381394, 168704, 107121, 262917, 980288, 219814, 667186, 238488, 473192, 248873, 398585, 630344, 302536, 160440, 318261, 334111, 901355, 820367, 606596, 791473, 784488, 309953, 735022, 252323, 567497, 381002, 156356, 712941, 873116, 967832, 354847, 516747, 964240
498042, 128271, 432216, 255092, 330746, 523922, 435742, 659947, 214097, 511464, 637998, 537942, 948651, 313937, 781180, 437849, 461291, 709537, 435744, 875364, 634847, 374244, 527552, 769372, 998643, 861719, 239592, 448378, 704718, 297823, 224266, 960242, 214270, 835546, 636541, 262957, 587826, 886547, 459014, 211488, 662485, 736482, 499323, 291383, 530646, 376614, 691269, 989963, 181986, 936014, 920813, 418026, 150318, 808826, 715781, 919285, 111355, 206400, 421532, 767372, 519915, 332647, 838443, 723065
780150, 496464, 499677, 158027, 980053, 414208, 772384, 932677, 454459, 750021, 251666, 990689, 132684, 185135, 636364, 374984, 556539, 246057, 942771, 979461, 630137, 985087, 262337, 888839, 391078, 704835, 103727, 952136, 950439, 113458, 327432, 490634, 123435, 279833, 893503, 619694, 894502, 261944, 792873, 554606, 271741, 280980, 689447, 339350, 672352, 631017, 480958, 867556, 307582, 231398, 157631, 265661, 321821, 846056, 119620, 271947, 694175, 295355, 476640, 314723, 385007, 872955, 620989, 945742
874438, 371548, 823484, 955053, 866799, 787618, 757142, 538897, 588332, 652871, 194182, 605678, 827003, 271141, 627609, 135643, 894193, 893135, 210919, 862323, 155787, 352928, 522894, 671965, 877811, 928554, 620938, 873848, 903562, 616367, 151571, 293498, 978834, 971864, 579730, 620011, 575244, 319132, 208265, 991939, 185756, 771204, 622268, 210991, 845498, 852721, 189721, 437364, 884180, 534857, 756298, 805579, 193675, 781563, 777911, 898111, 105146, 241583, 703297, 251247, 552212, 368465, 129966, 965122
750816, 323397, 733139, 257361, 624495, 236616, 294420, 165169, 119879, 559485, 302331, 789600, 419114, 184241, 571281, 289175, 203084, 392183, 385324, 832920, 387859, 152380, 165701, 664794, 830899, 974049, 550837, 174209, 995911, 104415, 856182, 258792, 485763, 386300, 489873, 292419, 818800, 347888, 688259, 110649, 491072, 903282, 242087, 514255, 860772, 924250, 421672, 881439, 976227, 154106, 685435, 220054, 710819, 217447, 132972, 990011, 107569, 888963, 475315, 831370, 531419, 731087, 844498, 567443
761855, 955070, 845784, 446947, 584781, 424845, 401294, 987408, 119405, 995120, 452843, 927376, 546314, 210382, 672502, 179207, 803570, 920779, 762618, 640807, 484138, 134634, 920708, 145008, 759754, 914204, 952955, 217903, 448408, 361980, 107222, 124856, 330113, 885755, 224666, 521466, 367604, 374367, 582566, 504413, 188878, 688441, 143784, 633887, 962626, 864605, 531529, 250201, 968959, 693134, 571478, 361789, 141395, 979358, 512091, 188473, 317792, 713482, 493573, 794422, 745898, 927197, 838924, 919833
242181, 329703, 456324, 585726, 789059, 206040, 122796, 673964, 706801, 703183, 143728, 120741, 540007, 219947, 667541, 160265, 792388, 420484, 777135, 165001, 467317, 535324, 331032, 904465, 332613, 939241, 747082, 913567, 367963, 157494, 510108, 797757, 283390, 387233, 208915, 638424, 134984, 186361, 193267, 833191, 391146, 490545, 412427, 146700, 242073, 109225, 340203, 714041, 317627, 477928, 177557, 657942, 347897, 735934, 823005, 564595, 763121, 168642, 370979, 197284, 423598, 776523, 768842, 849222
614389, 329060, 535519, 218211, 605638, 155611, 418727, 259257, 999841, 714784, 408848, 205013, 674940, 180260, 556111, 469685, 923413, 975446, 840704, 852584, 678796, 689257, 664307, 946843, 199494, 618625, 331261, 433517, 300184, 883889, 746108, 753846, 828085, 596422, 183344, 439676, 111756, 546203, 132724, 877362, 421309, 744986, 285958, 294785, 932475, 353435, 234704, 301928, 929625, 954109, 904546, 527652, 193667, 994170, 332369, 281679, 709749, 689530, 983914, 881196, 908262, 668044, 801770, 664727
852117, 931753, 501804, 612836, 939996, 873119, 634659, 547893, 746228, 586923, 836657, 908719, 195789, 787667, 444315, 622943, 907874, 426650, 955345, 108658, 731463, 459733, 903647, 148576, 836725, 268156, 198825, 269235, 613735, 147254, 671553, 837472, 579165, 904463, 209429, 298120, 919920, 887568, 199308, 867886, 318708, 738882, 910886, 974349, 752830, 214873, 815793, 663787, 470723, 225735, 223258, 720246, 187258, 895546, 841325, 763755, 613853, 960775, 966698, 244129, 681999, 780811, 543393, 869338
314629, 153394, 264969, 952922, 861777, 768600, 225417, 401389, 666576, 663086, 213031, 900347, 687903, 601456, 100659, 965792, 796477, 412916, 742681, 888214, 518612, 980512, 241271, 955143, 981867, 311871, 208030, 494748, 206620, 828747, 183488, 918466, 334928, 817949, 764646, 664624, 246012, 129732, 708161, 470014, 251637, 844312, 769246, 995435, 679760, 450964, 520525, 235828, 167312, 549356, 885133, 542272, 472890, 125476, 568157, 111416, 669680, 126279, 379368, 155750, 298703, 747613, 273179, 308610
100789, 464598, 333782, 826989, 535410, 361109, 233091, 121922, 830856, 387800, 944725, 426339, 857450, 761715, 346786, 887470, 650117, 438810, 447437, 894728, 840289, 937420, 583165, 624538, 945614, 260187, 116515, 815506, 999298, 754415, 633289, 270634, 885374, 921851, 600087, 660563, 754436, 876463, 627123, 409743, 960043, 527432, 609315, 200895, 997035, 502596, 523082, 143861, 864556, 297611, 212824, 228827, 356703, 616002, 296169, 340187, 113565, 183851, 784418, 290239, 566492, 993432, 519538, 915954
866468, 973743, 334090, 279413, 323586, 688766, 606328, 851899, 999768, 356537, 392053, 626080, 416344, 599738, 952260, 702036, 891466, 893371, 540945, 444758, 348225, 610819, 544481, 300958, 280171, 407450, 522309, 720773, 977946, 116360, 578981, 206311, 632495, 243104, 912375, 289985, 560377, 623425, 614579, 289975, 562607, 193164, 940725, 178618, 210223, 405221, 547017, 780082, 639031, 968658, 556431, 102118, 146348, 636234, 969449, 813002, 188971, 108002, 831266, 316631, 605986, 764867, 202930, 682030
120617, 395763, 943747, 289978, 356329, 159211, 725326, 337088, 994649, 128130, 358399, 822684, 756203, 878575, 615010, 476873, 255941, 267945, 839456, 708671, 450192, 485055, 217265, 708655, 399194, 290038, 118390, 997690, 865951, 530481, 532189, 246533, 894787, 794517, 180218, 586639, 502757, 824014, 231150, 884690, 669255, 621484, 181471, 126791, 244551, 502908, 554291, 728246, 594033, 906919, 663446, 375805, 238411, 360315, 433358, 338460, 210933, 342565, 915572, 594747, 237685, 233983, 682055, 784245
859691, 257726, 903225, 871312, 296413, 241255, 439942, 961360, 953903, 915569, 387231, 978424, 693922, 197915, 397112, 917393, 925036, 340084, 164436, 399772, 445413, 623939, 772730, 678545, 161375, 603271, 921771, 970048, 877119, 547839, 697091, 108840, 507339, 355493, 697089, 896407, 815817, 907861, 129958, 202164, 351114, 460770, 569358, 249940, 606101, 367167, 165705, 400461, 703097, 446267, 924008, 750869, 977158, 804480, 129300, 167950, 685758, 338455, 572713, 751548, 494435, 301532, 544802, 974006
925557, 452215, 703011, 724583, 699612, 274000, 620793, 151192, 510206, 792956, 714377, 470492, 684097, 203031, 576874, 249240, 507326, 212501, 465602, 469111, 406350, 934432, 112452, 555015, 635907, 519248, 876364, 825482, 613390, 384582, 157902, 932945, 173043, 458083, 860221, 787535, 806435, 184434, 806551, 602370, 342358, 810187, 969510, 975607, 498888, 257968, 520509, 813519, 874033, 987413, 837278, 217152, 178057, 330751, 454235, 542702, 258523, 217206, 413686, 357565, 760572, 268436, 327746, 928763
908227, 662256, 867249, 928477, 258948, 837213, 977294, 885758, 495646, 297728, 984784, 198514, 111893, 569278, 433055, 971028, 818659, 204971, 877811, 749075, 601858, 298294, 890312, 564995, 514181, 275507, 266592, 312936, 433953, 493040, 945702, 710117, 104692, 843541, 702934, 523250, 694267, 653033, 952967, 698887, 273742, 181791, 606255, 296049, 853174, 574277, 337027, 873169, 756560, 256962, 983631, 122846, 609620, 183345, 479455, 218068, 699685, 999613, 626241, 178170, 367139, 824177, 903831, 826633
990439, 322636, 533285, 885136, 242043, 695100, 282522, 695509, 502713, 356300, 174237, 549064, 684910, 421999, 193459, 847986, 924544, 443732, 674681, 987205, 586298, 331172, 968966, 318465, 555748, 224687, 904866, 806485, 668569, 366715, 483400, 451216, 590462, 300581, 457778, 338475, 995973, 962166, 224126, 417278, 783469, 838650, 963143, 478127, 193590, 605117, 231089, 878165, 236786, 849112, 870463, 933718, 443138, 883283, 234144, 598020, 375993, 460274, 849709, 107416, 740184, 669516, 248753, 134070
840744, 813131, 937609, 841556, 914505, 697650, 159013, 374633, 545804, 340229, 288970, 115897, 548411, 303998, 270291, 141286, 828060, 308422, 417155, 665451, 675020, 780244, 458038, 524723, 464822, 266426, 849110, 552243, 313970, 648397, 782113, 778015, 893323, 249015, 770091, 887346, 176598, 269012, 722581, 291809, 188718, 580327, 779747, 468121, 459037, 224541, 352810, 785814, 972920, 664532, 987265, 317972, 817660, 880701, 570067, 270534, 517982, 721478, 993304, 823709, 874873, 398277, 266014, 158799
471576, 329862, 451594, 315985, 272569, 967092, 646835, 150779, 266542, 765881, 506905, 909804, 374248, 285388, 634891, 601740, 389545, 409195, 251001, 782246, 138674, 459461, 479578, 895096, 259760, 820888, 878419, 956507, 976753, 191410, 644226, 699383, 215316, 943428, 632980, 782668, 639193, 317153, 811472, 285684, 118381, 559525, 255087, 975221, 526053, 186404, 928498, 809599, 703649, 947185, 615876, 935557, 662951, 429326, 727192, 373574, 267839, 603500, 555132, 665330, 820463, 133344, 747655, 804721
274532, 637602, 807329, 446873, 948908, 784986, 532562, 948223, 397224, 223121, 321255, 715900, 970649, 521844, 463112, 307086, 993239, 154717, 535581, 810046, 562696, 676830, 893333, 389018, 207482, 311622, 914800, 123034, 924089, 217582, 169270, 692938, 777743, 776696, 893049, 199201, 163895, 469544, 917100, 733670, 784080, 440380, 169563, 787631, 869666, 297799, 344577, 708761, 568584, 401697, 874279, 247078, 573475, 958432, 466913, 305815, 212131, 384523, 634567, 331639, 343341, 361280, 320973, 418401
542824, 828727, 299575, 863453, 556169, 473191, 432818, 232152, 104620, 391250, 795081, 101552, 627160, 304882, 128164, 667465, 160804, 185998, 814849, 134317, 735845, 652424, 696499, 545122, 667056, 924963, 305547, 987963, 916989, 531641, 331529, 949648, 671200, 874532, 660124, 385469, 318852, 100355, 356809, 398113, 921584, 370673, 206711, 368214, 139330, 710547, 476250, 436588, 359374, 615953, 371156, 565049, 457159, 897501, 829691, 878158, 209424, 410311, 319276, 911926, 821838, 779607, 947466, 550273
777589, 683494, 321987, 686181, 526433, 682877, 703873, 368757, 133436, 268183, 740884, 602143, 289951, 218395, 932247, 555686, 173272, 971219, 153240, 605630, 528983, 438941, 404202, 179673, 820759, 197788, 866732, 786574, 102032, 505401, 838807, 535634, 717960, 564690, 596471, 685898, 206006, 186925, 475785, 723254, 523451, 484482, 361033, 533708, 680347, 280848, 495025, 767722, 800225, 430247, 659384, 473645, 964654, 405651, 432792, 459267, 421125, 781923, 991962, 403869, 625811, 805035, 650602, 680803
342870, 193477, 586359, 299518, 794848, 761953, 376429, 492185, 143013, 117418, 999249, 195240, 364354, 420431, 646484, 628210, 721258, 641823, 853357, 739975, 835809, 880161, 437272, 695749, 891093, 547914, 172071, 363988, 654276, 990619, 419274, 525681, 504130, 253139, 549626, 593613, 298416, 165438, 728310, 129739, 919971, 543562, 263923, 918356, 714973, 789261, 532420, 651685, 321514, 379717, 599631, 292377, 372456, 168321, 565723, 289708, 864470, 741278, 474897, 768171, 635037, 920946, 942452, 910227
492186, 641187, 996716, 875155, 810876, 869813, 676218, 993039, 631013, 146746, 309867, 605000, 839752, 470666, 962686, 734369, 367566, 366860, 385677, 703746, 898610, 955784, 649613, 307283, 393269, 936909, 288277, 133189, 517537, 567110, 253087, 817669, 119397, 576167, 737098, 362723, 820997, 628625, 121941, 498943, 988978, 940681, 508388, 269430, 335151, 465931, 321333, 533329, 330619, 774609, 294073, 493861, 677529, 811830, 589234, 352682, 656528, 502804, 332720, 454279, 938123, 686334, 687479, 302953
449521, 674599, 725044, 945880, 962357, 494742, 956065, 128088, 176559, 950513, 968504, 119190, 255983, 201270, 124310, 681596, 286906, 464250, 119472, 242064, 465982, 760426, 690192, 443947, 650272, 790194, 734238, 424820, 459698, 828289, 411548, 306020, 754194, 733635, 174049, 416772, 566533, 611064, 966986, 896634, 334057, 277689, 625415, 160034, 994647, 755179, 112118, 479509, 961344, 474112, 660023, 158763, 770960, 768528, 675820, 177232, 506554, 331467, 793112, 820463, 274898, 929763, 672630, 125292
237583, 359293, 541025, 257671, 523989, 369207, 582578, 846802, 860876, 225911, 560867, 718297, 345434, 402961, 613877, 298775, 176014, 622441, 197111, 394509, 878584, 703615, 469646, 933710, 758221, 474746, 336223, 549800, 592223, 528399, 935081, 783165, 715033, 355439, 922709, 707107, 863242, 154152, 500249, 335021, 708139, 377339, 576269, 934025, 793003, 786216, 415713, 237815, 961747, 271145, 156418, 824574, 161041, 841814, 984929, 325922, 884094, 480750, 301344, 735566, 231493, 999486, 205429, 645173
346004, 594445, 207096, 104139, 367615, 813229, 597851, 865304, 949127, 477455, 961258, 721254, 985135, 627225, 595657, 535661, 234237, 691501, 399013, 679160, 933034, 668193, 622567, 908530, 569109, 965575, 343095, 283656, 609636, 729687, 658393, 193484, 558956, 264859, 170266, 303052, 842461, 834953, 686804, 693184, 701928, 494539, 328106, 888858, 367744, 913914, 787079, 517686, 300235, 591634, 597690, 531689, 756914, 883566, 642025, 903426, 647069, 652969, 348142, 998109, 891051, 248265, 201568, 792922
784930, 393814, 289661, 285160, 114025, 578115, 454942, 616506, 182968, 322154, 622381, 326707, 669346, 308393, 697046, 115359, 783906, 928959, 544099, 435872, 842388, 862709, 607136, 879237, 800438, 124267, 573887, 415574, 830878, 559787, 985481, 317688, 208936, 277397, 767378, 284208, 689437, 963244, 764782, 205086, 825222, 947110, 137955, 951178, 171696, 245134, 776798, 324108, 932018, 816592, 100170, 429326, 585077, 246427, 428636, 943057, 362363, 493290, 522225, 626693, 301099, 612380, 575468, 328287
473536, 607179, 271020, 367551, 619451, 252697, 467223, 297429, 247279, 758800, 341691, 126190, 399258, 400371, 109533, 963139, 440096, 626754, 616180, 532647, 730559, 768185, 422512, 190969, 173347, 871723, 765658, 318034, 705639, 783534, 847928, 678077, 971627, 772352, 786339, 321841, 409931, 429460, 971490, 899838, 110510, 354886, 689716, 204291, 314081, 442026, 486776, 331332, 605291, 825530, 422691, 282697, 100569, 605185, 627696, 227559, 996836, 956498, 203327, 187521, 281016, 550470, 939577, 100777
473920, 445170, 657651, 660398, 627780, 236435, 240592, 221969, 648018, 307595, 627608, 382713, 568391, 903222, 872384, 767234, 984445, 119611, 340972, 460470, 450252, 120042, 903002, 335824, 793134, 966338, 664804, 232699, 153264, 168198, 794296, 449770, 189619, 375982, 312514, 393378, 786688, 852043, 318652, 644754, 206482, 442731, 549098, 324745, 186618, 647566, 155376, 334983, 317619, 971757, 315587, 938475, 504680, 854302, 633899, 240089, 660989, 997565, 496276, 145213, 183550, 771829, 665510, 251339
176929, 272616, 554693, 976001, 318711, 201049, 847960, 530196, 536016, 139322, 697794, 792978, 124822, 558499, 707116, 877345, 759934, 671128, 373810, 320624, 549117, 299166, 358312, 110370, 405523, 186346, 505456, 506841, 507712, 594596, 970495, 572279, 400708, 184012, 459363, 348241, 888188, 190561, 105062, 482590, 729262, 241591, 594857, 539284, 529168, 521177, 280380, 258844, 677722, 410560, 169212, 838294, 461449, 144143, 924009, 497641, 960684, 602163, 317754, 112743, 340088, 175995, 916470, 546610
156213, 152042, 383906, 825733, 128706, 994933, 470391, 177382, 951653, 503461, 746373, 885382, 700959, 830780, 424585, 538866, 254622, 767625, 649380, 702246, 533065, 512856, 118180, 503323, 261173, 481678, 975203, 911860, 518024, 920668, 129549, 473431, 436432, 340724, 431686, 679503, 758349, 817824, 168642, 169863, 360079, 666864, 332031, 505873, 639557, 810305, 930257, 230974, 944194, 639546, 802313, 895650, 756504, 838143, 174596, 904765, 224785, 846570, 169541, 754047, 619269, 313512, 155438, 996069
932390, 241664, 110862, 758223, 460728, 805951, 644939, 745770, 298323, 333877, 261434, 161267, 870279, 712823, 814580, 552656, 292734, 317448, 219379, 792371, 867607, 556968, 361873, 823065, 698050, 726737, 402385, 752838, 990560, 383903, 857165, 880455, 505686, 908871, 290405, 696567, 585271, 968086, 117770, 793813, 493923, 583006, 612200, 771053, 660411, 682646, 555261, 193923, 823376, 153717, 291437, 861990, 570235, 627152, 753560, 976490, 880618, 110757, 607022, 175202, 859830, 683843, 683205, 210848
432100, 715039, 525514, 692164, 896506, 898780, 614394, 139697, 761366, 503655, 395955, 771703, 227311, 157053, 342420, 360625, 453632, 169004, 701665, 682744, 711533, 488745, 272648, 809998, 782167, 356259, 172143, 333920, 242832, 334114, 549754, 130541, 631798, 807650, 915838, 572724, 801910, 852411, 273349, 889961, 824376, 432369, 318767, 511592, 375565, 442641, 491141, 617473, 439865, 893691, 130183, 564222, 879466, 777144, 913704, 318998, 447738, 867179, 404839, 463675, 299315, 196581, 523477, 500301
235377, 651483, 832988, 963372, 705202, 981668, 707320, 930565, 826293, 482250, 896662, 150174, 991247, 329140, 340707, 511107, 766659, 973229, 561391, 713096, 964778, 132217, 152577, 721565, 546458, 463054, 633541, 915781, 737495, 792150, 735753, 793012, 151008, 280805, 458458, 473812, 490583, 380579, 536776, 105189, 488503, 137683, 500390, 633574, 582342, 442341, 464061, 989429, 992977, 975583, 443418, 183258, 574310, 982781, 905438, 887828, 704944, 561769, 329339, 197522, 352450, 767623, 399104, 512044
834341, 767833, 762748, 821010, 777873, 594954, 614346, 486519, 639691, 261649, 628006, 271567, 501135, 553140, 325497, 583969, 488351, 336636, 885302, 759347, 628819, 756465, 236635, 848548, 308625, 105243, 323314, 209852, 250981, 909527, 867731, 183818, 909994, 100853, 962639, 920895, 891154, 429854, 799914, 927193, 845832, 826832, 715883, 653418, 603938, 164528, 349850, 738981, 345069, 957135, 934178, 279934, 668118, 328453, 543500, 966181, 858069, 737974, 238650, 519763, 560039, 381993, 598068, 418431
640860, 293036, 133665, 495980, 218526, 849233, 267898, 935869, 454824, 990354, 327748, 545570, 650257, 621066, 287226, 236393, 898465, 594469, 486506, 660083, 431788, 573111, 107406, 919976, 651162, 602543, 314875, 624738, 359568, 499838, 396281, 490198, 945805, 698121, 716102, 415899, 248765, 468384, 199597, 525412, 413600, 245906, 869719, 876988, 539154, 747266, 683568, 663210, 785206, 890168, 533940, 465224, 657109, 388788, 346381, 401087, 385309, 333061, 845837, 183461, 964048, 439793, 824771, 332108
257727, 604444, 158223, 774048, 450599, 396211, 682820, 827685, 334424, 687645, 280423, 992935, 129006, 176119, 706593, 138765, 424283, 976685, 234634, 650755, 871619, 140139, 904382, 620038, 993852, 725780, 434327, 512097, 466466, 402220, 742318, 535777, 107913, 772191, 378632, 235831, 828690, 586104, 887002, 684163, 141643, 150889, 819382, 238857, 841574, 772409, 343260, 915104, 682974, 663186, 227949, 839340, 350960, 889780, 940276, 604736, 932346, 470099, 816237, 722176, 826176, 303902, 775474, 218967
250938, 274218, 627353, 438431, 928356, 993831, 233689, 861698, 291669, 655693, 906918, 690966, 345883, 699121, 552371, 444024, 451148, 129206, 578616, 177739, 192737, 602621, 817732, 874940, 118079, 635633, 648160, 900479, 232656, 845998, 139850, 325660, 100950, 918879, 653284, 730767, 846496, 372792, 151440, 551176, 364336, 446667, 828648, 325139, 760912, 486124, 888182, 826741, 235966, 438054, 433940, 810772, 695052, 989942, 801275, 158839, 379255, 968764, 865450, 371290, 757917, 217581, 609306, 346082
278597, 814790, 774182, 969329, 208339, 844289, 873439, 273032, 163768, 419249, 726794, 192420, 958315, 262723, 538660, 339189, 412881, 468303, 949148, 742731, 534569, 313059, 962072, 292172, 166207, 843569, 996905, 657174, 971449, 267795, 361773, 874367, 628518, 743790, 138111, 381579, 548373, 374197, 418610, 860405, 862965, 425083, 169332, 217598, 333921, 554355, 896246, 524212, 824007, 772567, 127456, 423667, 634224, 384157, 259946, 480974, 629017, 913409, 927872, 433413, 700395, 969641, 777124, 218060
375389, 493573, 983504, 750342, 378084, 106971, 214677, 923801, 447577, 413856, 974441, 137012, 773495, 324312, 797537, 552338, 933153, 718104, 283413, 656404, 447821, 859787, 501400, 182889, 752377, 171477, 775760, 386295, 870372, 755477, 206609, 116264, 893412, 240379, 613744, 563057, 221463, 621480, 350019, 135550, 977357, 361551, 409006, 892477, 610205, 651752, 394680, 532212, 479371, 828869, 522978, 996364, 240942, 689623, 958103, 489432, 396385, 752854, 727455, 880228, 555516, 488960, 328562, 223563
572796, 616592, 964521, 463492, 864645, 890573, 658558, 891270, 408842, 264149, 668982, 780178, 745953, 584955, 877829, 859677, 459573, 611869, 147807, 793290, 693894, 675541, 554277, 929653, 290978, 530006, 963824, 312742, 663827, 168363, 748180, 832020, 900203, 918915, 774858, 253678, 924596, 532173, 167479, 124736, 965022, 861109, 288118, 943140, 934381, 458777, 134055, 881422, 202773, 178236, 469641, 507801, 519032, 477752, 933762, 448773, 735164, 605811, 650828, 607888, 173828, 239936, 948438, 238100
528763, 105148, 131475, 811499, 906186, 346567, 898142, 736312, 401360, 351672, 981842, 697112, 409111, 368927, 855158, 841503, 732267, 693902, 574944, 860836, 328135, 490670, 717643, 781974, 839279, 197918, 992774, 282246, 339402, 739674, 651102, 246074, 696969, 475241, 401713, 474632, 214735, 336240, 916551, 424679, 707085, 357380, 326941, 498646, 726353, 790591, 305755, 299477, 605401, 470489, 114997, 261442, 525037, 776614, 438720, 212553, 441138, 900938, 521166, 258297, 218254, 343039, 732919, 299842
822531, 433689, 651844, 718321, 200012, 670749, 826957, 756546, 456749, 573911, 921570, 986554, 925712, 748650, 857291, 807036, 781902, 191036, 140557, 756579, 833133, 450569, 103794, 711987, 401866, 811213, 354274, 703691, 786407, 499792, 326803, 141294, 640630, 267096, 291513, 904895, 605147, 278236, 729204, 201954, 658276, 617819, 136972, 584818, 336224, 801285, 786081, 407323, 745305, 896907, 463978, 378253, 950991, 223131, 791761, 868131, 117746, 725217, 867496, 694770, 537662, 678397, 489850, 131256
899280, 947055, 793002, 447598, 478203, 228683, 370556, 207863, 694811, 717412, 577567, 998951, 728230, 697560, 535335, 909048, 938513, 946848, 937127, 917946, 119261, 335105, 287972, 445821, 936557, 803676, 837174, 490255, 835344, 460729, 199579, 739498, 143838, 684688, 156123, 846180, 506976, 292088, 133418, 692172, 448907, 189596, 655012, 429403, 836361, 864751, 739989, 591177, 508328, 242059, 754170, 902514, 578400, 413447, 553694, 129539, 930465, 279751, 393046, 992574, 482631, 180399, 496915, 938498
919689, 243643, 155424, 189330, 237247, 573458, 190244, 938758, 513667, 826471, 141479, 882469, 947403, 743126, 917325, 501049, 137079, 960901, 394382, 841095, 572505, 512171, 547842, 259120, 263645, 682387, 375796, 572657, 929863, 242735, 521655, 323809, 630177, 718090, 948904, 217279, 971917, 370167, 229482, 273478, 682530, 778077, 280900, 575667, 307388, 367200, 511415, 886005, 848958, 434807, 136423, 800376, 302984, 529049, 988287, 568972, 345215, 568253, 667550, 491109, 528642, 145466, 859438, 806061
952140, 507884, 946536, 230246, 202368, 876734, 684677, 559859, 698779, 376391, 608811, 516726, 336006, 321841, 934714, 478912, 863964, 120428, 826543, 556882, 507599, 474721, 696986, 396134, 698803, 377963, 749909, 463179, 244961, 265815, 848252, 703451, 310698, 384810, 671960, 990729, 258694, 324373, 256205, 449532, 221886, 922900, 159016, 155051, 938694, 615624, 500711, 866232, 771816, 719704, 953921, 410300, 220903, 385028, 714725, 312982, 830371, 584086, 102546, 194358, 118810, 305928, 595431, 232857
892561, 128563, 762977, 106106, 967396, 562565, 499672, 957294, 118189, 807170, 399900, 118235, 571773, 374391, 740442, 911523, 450828, 940711, 586206, 730189, 362294, 719547, 864195, 638879, 538239, 380278, 199917, 885876, 588097, 677032, 683582, 375573, 737422, 694446, 164459, 449753, 696705, 680003, 709604, 275274, 460313, 768028, 248163, 168694, 537523, 828237, 586453, 369230, 307060, 673356, 181198, 496984, 781404, 159685, 409154, 409075, 985341, 318332, 478741, 728722, 648635, 625891, 193297, 133186
784962, 438229, 895787, 750165, 642658, 350979, 529395, 786224, 305606, 240924, 557256, 175551, 313337, 845442, 519581, 733730, 346233, 355705, 338549, 940987, 866831, 905324, 254672, 922826, 900011, 367543, 111297, 920670, 413303, 517154, 864450, 762966, 175279, 229498, 204531, 196132, 862676, 747265, 913842, 976641, 785681, 832617, 796534, 931441, 749229, 877452, 679740, 842734, 727094, 677731, 791526, 256413, 678849, 983696, 227649, 345992, 382853, 288918, 437911, 598533, 732553, 875700, 472950, 290644
601375, 185736, 956712, 354447, 310201, 181575, 477044, 999284, 453499, 708681, 673868, 137057, 208056, 961921, 414238, 371819, 908436, 973919, 590163, 113494, 139367, 874577, 656362, 538263, 585652, 290543, 968220, 154863, 847075, 412820, 140194, 552508, 802701, 845633, 449323, 231650, 547277, 844172, 370160, 845759, 228305, 593018, 105896, 610455, 387337, 893679, 306621, 350180, 219196, 561911, 477382, 519634, 747313, 981965, 549813, 806384, 206494, 320220, 980322, 547824, 143776, 410326, 643618, 215789
