501974, 708044, 425612, 712974, 691521, 480674, 171501, 832570, 214318, 390602, 586513, 731179, 767666, 117882, 659346, 705279, 364053, 739116, 636744, 385271, 910972, 345767, 904596, 776315, 613604, 941197, 342386, 850889, 950415, 105103, 325508, 807422, 319985, 286702, 177394, 187978, 133472, 225249, 567018, 613138, 111094, 347570, 415992, 566376, 468036, 324337, 571857, 326795, 902923, 877808, 947796, 484676, 280784, 890489, 246933, 314024, 734352, 399945, 991981, 788875, 277234, 931468, 810578, 449774
547866, 101694, 544886, 189163, 760466, 725274, 175263, 417084, 253661, 634574, 733094, 350193, 409458, 500074, 254863, 804651, 135351, 392419, 960895, 507450, 615451, 953837, 392852, 525210, 469577, 397889, 493169, 862845, 936073, 876150, 291536, 165910, 991388, 674255, 997363, 116591, 200134, 563151, 848921, 243134, 826236, 421780, 210959, 296418, 931043, 459829, 190938, 590203, 987925, 781728, 842898, 580201, 114597, 489756, 426138, 949391, 890177, 282112, 878718, 307702, 924419, 566928, 301651, 668191
292554, 608038, 842009, 349827, 725465, 136085, 580304, 921877, 652331, 346086, 169819, 725218, 847580, 692030, 759275, 641306, 939507, 535836, 197052, 174613, 669471, 211050, 516973, 222909, 284133, 912943, 633053, 528261, 134725, 100922, 206955, 770216, 482240, 936371, 202675, 704083, 843124, 121741, 708731, 118683, 492546, 484201, 715938, 193890, 336288, 805607, 133909, 722887, 211135, 753118, 319312, 465622, 434614, 904336, 776622, 799539, 251391, 335275, 271918, 226684, 379410, 299235, 862649, 566859
276762, 551097, 944960, 769666, 884620, 203060, 727149, 572384, 158630, 113698, 260119, 685937, 954068, 927632, 637480, 535515, 112303, 571729, 658509, 958628, 504469, 987250, 497096, 291395, 119246, 303652, 707693, 190433, 887534, 473202, 182693, 955573, 984825, 695599, 495629, 651365, 883302, 224841, 893403, 708476, 520210, 295339, 234944, 727978, 812265, 321795, 618662, 786489, 702156, 113166, 510141, 125702, 167305, 840449, 568488, 132535, 457522, 384985, 105887, 435945, 841465, 953149, 994185, 145161
534756, 319790, 727103, 482981, 738157, 923730, 141168, 619103, 969316, 862596, 572456, 881529, 975734, 159292, 151701, 999103, 475759, 601412, 987232, 104699, 682048, 374856, 417654, 884777, 597771, 544754, 441187, 314968, 388719, 876133, 481076, 897597, 921757, 803519, 359082, 588572, 807488, 427493, 464160, 440476, 728872, 299090, 829574, 379447, 215753, 220958, 106181, 569088, 188982, 399953, 419711, 817223, 467295, 806284, 139652, 644168, 207123, 979010, 712738, 323502, 610668, 394404, 377472, 938077
262196, 776738, 543030, 976574, 891002, 650456, 902341, 956740, 287940, 517611, 747145, 547979, 425475, 423641, 409197, 473437, 741087, 719142, 289503, 855290, 728089, 926838, 780025, 559937, 317571, 560041, 238645, 566042, 734090, 600328, 763567, 588448, 165003, 870798, 184009, 831421, 246879, 589100, 999015, 288249, 930344, 891519, 518274, 451645, 678664, 639152, 269141, 610135, 341852, 855303, 588500, 460156, 793060, 476703, 349128, 113469, 134821, 654639, 643845, 870759, 343820, 327592, 886109, 742109
154665, 274909, 138494, 982404, 995096, 493065, 458814, 766977, 691982, 168947, 164453, 313709, 671892, 735627, 462510, 404256, 748754, 545339, 389155, 118418, 500317, 633309, 320669, 101612, 268126, 184523, 457599, 241572, 802284, 677875, 274258, 940960, 181967, 224899, 342562, 418988, 247128, 934196, 763892, 178398, 392768, 762309, 517567, 297979, 796277, 798916, 910127, 751436, 919251, 193776, 404571, 103486, 560742, 497787, 801788, 206274, 344583, 195376, 388970, 754112, 513771, 285616, 392107, 990561
736244, 905739, 428419, 403729, 912738, 309212, 436880, 281573, 920558, 657956, 127868, 351251, 835885, 699868, 653104, 642273, 534709, 870934, 544571, 745900, 956351, 130835, 891223, 156988, 450507, 711219, 479530, 541454, 777420, 974937, 129655, 930898, 526085, 705732, 340357, 615056, 312190, 848194, 364199, 145184, 412231, 384244, 592668, 954431, 256776, 225350, 781122, 790550, 428067, 157302, 679635, 868584, 328360, 175168, 988154, 761386, 915863, 248775, 384936, 297276, 373322, 226271, 874095, 759737
583485, 597559, 592055, 965873, 862722, 919700, 642654, 949812, 397773, 440104, 208190, 476174, 946613, 883785, 618894, 700754, 689216, 109846, 263263, 684428, 718851, 775699, 949364, 658346, 970496, 362257, 614027, 616706, 975534, 720047, 459246, 928993, 620884, 707540, 677680, 665166, 885457, 728042, 944269, 804937, 435037, 175416, 923224, 394273, 606912, 441497, 963649, 948631, 864831, 707993, 604883, 678235, 359764, 709939, 433016, 198554, 206335, 908940, 983910, 216960, 426070, 419287, 733043, 776842
775551, 678374, 341908, 175151, 114509, 658418, 792799, 545640, 661240, 126989, 264504, 164619, 690908, 409745, 335132, 263122, 394969, 932486, 828771, 240014, 162121, 366985, 698213, 849474, 378505, 473953, 331813, 461346, 308273, 988227, 892672, 273679, 884326, 930979, 431214, 537762, 578247, 401250, 259580, 727420, 805349, 771055, 793774, 917203, 268021, 207599, 966648, 148222, 175047, 239444, 933818, 391733, 441121, 207020, 733358, 910066, 398344, 127564, 792625, 309913, 151055, 176437, 466305, 810467
547393, 189450, 189857, 406075, 512121, 104543, 530970, 267863, 822117, 157962, 225081, 540900, 224965, 185245, 234043, 568886, 178978, 401010, 956773, 651370, 975756, 954260, 922311, 193213, 425507, 716222, 577900, 609339, 955890, 735581, 986462, 712877, 153528, 240619, 757569, 115190, 532030, 578130, 485525, 814233, 814128, 189096, 531092, 889879, 844229, 829286, 687259, 177003, 355649, 657997, 335267, 433352, 302293, 816350, 974823, 130867, 241194, 200525, 963474, 751187, 505260, 700224, 345904, 435769
816202, 834394, 260755, 272120, 557040, 497132, 446161, 307646, 127857, 701157, 134919, 796866, 578282, 617047, 164717, 457903, 620609, 670750, 620022, 556063, 983429, 769516, 891128, 856633, 934489, 795264, 885156, 384351, 183847, 239285, 470533, 743962, 706009, 708015, 165755, 423919, 474454, 526410, 369236, 920203, 553113, 861617, 449374, 385758, 993530, 230268, 783170, 561850, 788735, 359869, 139919, 256197, 167334, 910214, 406082, 642251, 177830, 856250, 235686, 838439, 962226, 431063, 904793, 215956
301380, 971098, 207190, 380615, 138865, 434836, 525893, 320810, 451529, 320678, 308942, 979292, 549904, 622888, 659466, 136739, 232635, 142117, 313757, 861342, 899169, 416292, 845780, 769377, 977575, 468219, 359897, 242251, 259585, 357641, 868091, 939432, 892615, 668619, 438047, 837011, 546057, 535909, 729516, 972952, 381751, 906572, 269375, 535064, 809319, 340774, 969999, 567842, 695624, 717766, 969129, 252184, 135018, 716194, 682037, 844111, 868828, 658748, 279676, 667752, 977809, 960370, 408841, 362153
357670, 241087, 429185, 312497, 911368, 981500, 894419, 997982, 379232, 230507, 255994, 711692, 113095, 955140, 329042, 504686, 421655, 335153, 193116, 399728, 336180, 906798, 719498, 222335, 862763, 492927, 680592, 522778, 125697, 173963, 575209, 403070, 937603, 911871, 489315, 898182, 711104, 462115, 192456, 258217, 627327, 558499, 991975, 676287, 803672, 739492, 350665, 467283, 812919, 737815, 750174, 795610, 266431, 821045, 508301, 230097, 400113, 302148, 200395, 793276, 189912, 841520, 507152, 436680
773733, 276025, 257322, 501271, 121169, 303483, 163533, 273999, 217454, 924890, 525774, 447313, 331116, 691126, 952233, 243756, 438968, 853204, 594421, 311185, 330709, 860303, 714690, 573719, 968591, 804296, 714824, 914837, 288436, 486514, 656155, 908272, 349416, 572343, 840057, 335288, 628299, 229163, 256324, 506890, 300591, 497378, 325389, 535639, 453657, 852173, 972087, 115960, 508623, 428521, 277890, 841201, 186769, 877510, 587226, 155769, 507963, 371476, 990947, 472244, 747209, 396792, 683707, 795084
710393, 132467, 906556, 949549, 164520, 478520, 676275, 808369, 983341, 423765, 536468, 113738, 143794, 642587, 231027, 639485, 232289, 362619, 760462, 942114, 797009, 707078, 978620, 247544, 174046, 581597, 822496, 569303, 749405, 640655, 584077, 142536, 860396, 855306, 367083, 576285, 403359, 979408, 552760, 403946, 191525, 535756, 461636, 277710, 138601, 220881, 970883, 921678, 757208, 193087, 190936, 260274, 714144, 583046, 173173, 173826, 717303, 618493, 977672, 638050, 816092, 141798, 540157, 529590
501261, 131961, 318936, 739158, 859573, 440666, 302861, 413001, 505013, 354022, 701544, 124907, 768792, 694066, 637649, 248742, 469025, 177289, 990605, 727476, 889027, 696416, 720518, 888612, 756085, 481246, 573328, 644724, 883787, 481027, 777058, 645975, 116170, 444086, 999299, 977376, 347850, 376026, 445475, 647962, 313532, 746527, 964714, 761527, 569711, 550553, 842775, 405032, 425025, 517972, 248866, 750778, 426502, 479347, 952251, 747444, 620479, 763695, 909565, 524950, 496687, 839632, 656226, 940475
943073, 599647, 732599, 494029, 199492, 304697, 969170, 590287, 343690, 372986, 231956, 151873, 738429, 771487, 747910, 145365, 945793, 651209, 265229, 702356, 242934, 573315, 297644, 734865, 913726, 911399, 214978, 209457, 221923, 134044, 986397, 800668, 305399, 805956, 552495, 422977, 275508, 394420, 628439, 608469, 140154, 112532, 309348, 107686, 853578, 136497, 280893, 730021, 945399, 667603, 249418, 509361, 244515, 228323, 111866, 116166, 257513, 776383, 756969, 911865, 540784, 830720, 297329, 376091
497415, 243099, 527466, 865996, 114669, 757898, 597767, 732579, 131189, 558753, 674485, 688163, 872722, 694562, 291073, 199086, 746799, 216073, 892037, 325643, 435498, 179110, 543485, 925296, 783868, 187337, 933354, 364511, 866319, 915848, 430557, 496700, 270453, 196275, 177750, 724041, 765218, 415079, 827758, 107939, 994931, 708483, 692319, 983086, 593492, 992429, 914770, 207301, 951649, 266163, 748227, 398164, 695221, 845060, 912395, 146350, 770786, 993858, 170196, 810885, 947854, 217241, 208096, 540558
320711, 424978, 881676, 127284, 272535, 294323, 392524, 795709, 582520, 246974, 840962, 363484, 592264, 616412, 433281, 489329, 441735, 657265, 521102, 717363, 790353, 824005, 403243, 386548, 393896, 834740, 536605, 882445, 315552, 207332, 896115, 627571, 366417, 270673, 686119, 355575, 511139, 595775, 661389, 936179, 577052, 575382, 315381, 639940, 230523, 157977, 879816, 778135, 762734, 513302, 548462, 877140, 355979, 559779, 983040, 271961, 552315, 198947, 773098, 868804, 477163, 329673, 628167, 990436
620413, 508367, 499191, 341052, 995639, 214813, 559846, 262020, 220390, 527378, 111558, 864770, 835023, 534655, 468394, 910909, 900675, 870089, 926793, 466726, 109226, 491428, 415364, 235454, 368246, 716928, 370356, 343269, 354851, 505290, 151364, 526325, 942111, 499629, 641255, 205942, 383509, 214257, 157417, 982151, 157187, 851711, 270931, 776648, 882195, 250699, 870863, 364321, 876265, 812874, 709412, 306601, 379448, 488788, 347137, 412732, 222481, 311663, 167182, 396211, 218386, 895539, 496122, 396081
744553, 547416, 535546, 964037, 226349, 760775, 798424, 531028, 380850, 877551, 423076, 872749, 992411, 488461, 570252, 828757, 279401, 274100, 119153, 990135, 738312, 128103, 168078, 450802, 937368, 448296, 996276, 829964, 991435, 945050, 107435, 552578, 321048, 218749, 694424, 190438, 354088, 144638, 498751, 688325, 167693, 848449, 269607, 542928, 645063, 960305, 567245, 724580, 550234, 124299, 589033, 374765, 363967, 216565, 825983, 195844, 121798, 328844, 939032, 850355, 913847, 846049, 241345, 944283
794419, 499024, 728364, 415488, 797480, 613257, 458054, 668592, 209278, 241232, 234400, 221582, 615740, 893422, 527294, 306837, 690240, 443376, 134199, 788281, 763012, 862442, 274959, 673954, 869295, 790852, 160008, 484474, 582168, 743227, 504962, 824660, 929825, 128895, 454523, 113056, 357537, 344778, 999225, 254732, 334990, 308183, 234381, 999696, 292141, 886289, 380892, 615350, 649706, 135826, 987377, 721389, 524345, 612507, 760142, 648509, 949763, 869438, 578245, 409637, 200128, 306918, 542083, 854780
707492, 740464, 762042, 889654, 799922, 630753, 707024, 663822, 438148, 416495, 977336, 402061, 860404, 985082, 207073, 574157, 840606, 177570, 836898, 760007, 313748, 266227, 838343, 451646, 422935, 398300, 682458, 696139, 809399, 444429, 319343, 554382, 853739, 494045, 694698, 759223, 361606, 230301, 638125, 535146, 749227, 109641, 745793, 318765, 752838, 988901, 867765, 693595, 539193, 234930, 171129, 832640, 476828, 289420, 196952, 959142, 593561, 544508, 822805, 850683, 395463, 481581, 677468, 799104
565817, 549331, 190735, 248860, 363528, 877369, 153663, 695015, 804814, 921146, 993716, 685614, 125748, 498983, 945325, 815452, 211147, 682150, 935282, 793124, 377280, 653803, 202881, 160635, 646523, 169302, 538825, 306420, 410011, 881599, 619593, 966843, 875330, 565653, 333695, 226598, 473804, 983807, 540301, 547007, 732644, 571587, 421164, 444225, 292349, 111494, 917842, 995542, 593629, 345937, 111264, 346125, 907322, 331413, 704309, 634682, 151078, 951111, 158223, 819696, 595503, 703260, 370342, 146084
892276, 623427, 900757, 247023, 209810, 572529, 874807, 407376, 167073, 458596, 514911, 357825, 401098, 949976, 641084, 224491, 819736, 383684, 379207, 324786, 193560, 947099, 447747, 593880, 175079, 381750, 409528, 217652, 784059, 566307, 511131, 260260, 666377, 879518, 267597, 912248, 890312, 783658, 931537, 706675, 733084, 597701, 854674, 200834, 128110, 184146, 833635, 210714, 989623, 494531, 946732, 788542, 213572, 466616, 315669, 230445, 920465, 149181, 674662, 888748, 916493, 419401, 378206, 616148
303610, 760354, 972698, 951408, 103241, 897016, 234428, 558805, 578676, 565742, 387384, 576661, 687463, 257207, 693165, 447501, 126151, 455086, 957471, 553879, 598615, 502985, 273911, 363805, 269503, 519091, 576734, 962272, 246091, 598063, 651428, 516050, 805828, 864690, 449652, 909607, 605996, 703074, 609951, 534062, 885359, 484048, 735262, 690965, 674362, 659604, 429397, 105636, 428369, 149375, 948471, 425272, 548138, 350858, 188466, 673039, 988307, 896200, 939959, 292188, 879254, 806536, 808510, 486285
181464, 308430, 648893, 917877, 690050, 570811, 198486, 871181, 645380, 487161, 273877, 229924, 793815, 302346, 404851, 201545, 342275, 951503, 296844, 986499, 938211, 738183, 340935, 167020, 250826, 221155, 818454, 926452, 183155, 842211, 359477, 852797, 951752, 613751, 778509, 588710, 346068, 207275, 466860, 784793, 204456, 212434, 994964, 825526, 434714, 569026, 341130, 589561, 656208, 211064, 707517, 983752, 658382, 736298, 769751, 320052, 965496, 453353, 933425, 216336, 619828, 530191, 915598, 336527
817280, 936143, 729946, 180033, 105908, 729379, 752780, 670082, 766012, 762657, 970297, 266824, 695729, 900397, 767029, 991159, 396875, 797626, 864520, 234452, 178563, 366245, 389589, 210161, 436783, 102212, 377121, 901620, 241221, 751793, 373488, 703254, 699344, 124105, 202150, 863631, 224595, 969383, 224015, 292391, 318871, 486913, 832696, 617457, 495979, 541150, 485963, 410252, 274094, 731948, 249522, 747011, 780617, 535217, 482794, 536393, 578371, 217496, 598289, 516270, 760608, 575708, 499744, 584253
893064, 898864, 779932, 382232, 851576, 620212, 511487, 911744, 540883, 607267, 467182, 859139, 115278, 873246, 406651, 494697, 859311, 638280, 598405, 126159, 372702, 514278, 363511, 659388, 682575, 689560, 141347, 435213, 471834, 995233, 319803, 419000, 474762, 785640, 509886, 493863, 809766, 564046, 552615, 812605, 438962, 254418, 133554, 333645, 117586, 400329, 842308, 493812, 654222, 968260, 405573, 486033, 507927, 563338, 922801, 756792, 662504, 933920, 421802, 350801, 677741, 543845, 254508, 730548
256998, 708312, 974092, 686821, 727163, 487809, 996596, 547533, 633182, 757964, 479874, 656850, 734684, 420777, 320471, 960481, 657730, 107852, 417519, 883666, 248553, 400227, 381233, 328700, 348339, 172134, 109882, 140482, 903166, 754552, 696148, 987503, 737983, 209614, 560670, 620857, 463433, 682229, 272567, 134568, 155167, 493250, 893150, 511237, 169679, 196797, 928747, 234685, 266546, 746571, 275749, 479698, 234378, 750957, 363606, 553890, 693296, 346607, 352696, 359069, 402420, 244271, 748801, 613519
384302, 317134, 621063, 793117, 793743, 619204, 858590, 100786, 572165, 442262, 440570, 304045, 607103, 763219, 574450, 882181, 203902, 281439, 654310, 174627, 675059, 900255, 868094, 324521, 422062, 819114, 252534, 919692, 729805, 428067, 142527, 941776, 370353, 130406, 880084, 544158, 558531, 419881, 362126, 117393, 484599, 109443, 676266, 149087, 633484, 443666, 511406, 131965, 271095, 658142, 855874, 200002, 110896, 609652, 461808, 378167, 593088, 910482, 217543, 239288, 934786, 873270, 759414, 767642
439627, 310979, 557699, 625922, 493636, 398669, 154117, 413685, 748939, 885218, 783302, 521798, 215901, 103287, 449644, 503853, 183611, 136319, 646088, 742896, 467455, 629138, 338920, 754037, 396032, 429450, 206813, 727278, 313631, 264450, 675299, 160162, 734092, 763657, 627783, 662655, 247000, 819295, 335880, 239402, 165110, 809942, 832943, 465064, 667228, 177244, 373121, 672265, 511975, 140029, 310466, 338103, 675772, 875186, 137849, 556862, 800914, 950416, 271519, 781823, 847402, 739259, 640819, 189739
876073, 355531, 209478, 140698, 124682, 814767, 875047, 157265, 957164, 423921, 347022, 806828, 621315, 700630, 117969, 218824, 475724, 945515, 702221, 748688, 384388, 869781, 467979, 883920, 128997, 526985, 146852, 522452, 867430, 237213, 215774, 810937, 821628, 248966, 270182, 339328, 519721, 136946, 223268, 286072, 312131, 346162, 942902, 994008, 134226, 708941, 929919, 730587, 451057, 430673, 641132, 540710, 511573, 362787, 564871, 345782, 819688, 144570, 107363, 534454, 562113, 489033, 201063, 140006
274937, 172016, 611689, 367712, 223232, 877864, 812061, 308467, 593949, 916572, 875010, 219328, 458968, 532202, 491003, 120971, 895494, 376678, 191617, 142168, 795206, 618678, 245065, 313390, 577229, 485813, 695818, 862411, 682459, 219224, 193120, 162242, 932705, 491632, 174821, 687114, 933595, 761405, 813763, 799942, 887034, 386748, 738094, 891402, 490130, 541922, 536845, 119826, 891195, 479611, 947993, 184097, 849307, 441200, 455151, 237239, 683650, 115054, 764815, 656267, 601559, 352518, 656141, 589286
238201, 699370, 253336, 133252, 241903, 324243, 758783, 519225, 401926, 995558, 339384, 461247, 941139, 802983, 812732, 901589, 431024, 562088, 963228, 552458, 255997, 980695, 143204, 900816, 393006, 253384, 424296, 509377, 359630, 731192, 282413, 192871, 856889, 633418, 271872, 932918, 936392, 309090, 844474, 586496, 796964, 102324, 221920, 387501, 124475, 993449, 141080, 524332, 269717, 651385, 383543, 702628, 636519, 419169, 311175, 799878, 188854, 510202, 940081, 456293, 416284, 620233, 815032, 203943
161536, 342470, 793496, 874822, 471918, 869254, 322942, 247168, 876937, 340800, 538771, 254714, 520100, 688449, 161111, 941998, 686902, 374657, 183166, 678823, 975662, 885181, 844325, 414039, 703348, 438506, 403363, 886110, 691895, 343166, 879172, 731809, 247556, 434548, 706388, 732817, 757198, 679074, 671350, 856671, 939867, 283862, 178294, 173705, 539196, 492633, 476574, 274638, 469791, 536834, 188731, 992725, 411083, 587176, 343939, 974653, 950356, 214882, 950898, 221715, 790128, 922148, 724326, 459122
602536, 854362, 234369, 898748, 406661, 158436, 565581, 872576, 129591, 289751, 246643, 193811, 914500, 465145, 332240, 796755, 662127, 525180, 592386, 179059, 105735, 992781, 417369, 726642, 100259, 952122, 717124, 833298, 368216, 491855, 901612, 996012, 622361, 704797, 255185, 637607, 567677, 905461, 586760, 714640, 933610, 263122, 180292, 834900, 706019, 951061, 442509, 326895, 520101, 410931, 663121, 442589, 778940, 152278, 609011, 764941, 275374, 708787, 522497, 373404, 961064, 592021, 435449, 131950
298527, 153938, 880496, 222823, 958305, 460609, 702201, 902537, 982657, 262147, 580387, 975269, 597673, 128638, 370475, 699854, 532994, 388037, 270194, 153770, 784101, 116516, 406001, 755526, 715887, 197589, 388930, 272542, 454232, 164481, 157588, 810011, 927571, 903527, 354880, 267360, 838392, 340542, 246241, 155238, 587766, 454998, 319290, 137246, 359211, 830915, 851380, 692822, 747237, 889931, 581922, 417067, 569352, 789328, 857976, 728860, 518764, 667875, 892114, 234014, 873337, 507792, 803373, 638282
924500, 181327, 104683, 838644, 388829, 761930, 822936, 786686, 882922, 923695, 214324, 915353, 374895, 167798, 589826, 393881, 285304, 788739, 259895, 551714, 659346, 872924, 861687, 135030, 278101, 402792, 554260, 896659, 769812, 344833, 832707, 779231, 256427, 251081, 229713, 398126, 630044, 486092, 949666, 673476, 299942, 378991, 184946, 224758, 318533, 839521, 622934, 278822, 923076, 284113, 192655, 646143, 603968, 846083, 939185, 826506, 470406, 575115, 253110, 744852, 764545, 822119, 602752, 740523
214188, 511822, 900860, 650885, 813015, 940299, 167128, 430065, 541151, 584452, 298823, 148558, 571388, 380779, 851160, 217574, 157814, 793839, 392232, 352553, 632087, 788022, 830526, 964705, 791238, 258395, 477065, 152820, 938328, 940104, 191906, 927254, 665541, 562529, 187869, 116413, 469551, 422593, 195907, 910700, 827559, 493233, 511047, 989961, 604342, 126504, 877228, 445631, 679267, 478149, 611902, 796856, 608074, 709954, 466365, 818706, 954250, 264377, 123651, 443748, 521966, 496056, 749492, 538251
583847, 610513, 458993, 458169, 957000, 193418, 437250, 585640, 574586, 196871, 184685, 665864, 965154, 653786, 934183, 977361, 904553, 566624, 210646, 935936, 324621, 380825, 581449, 544194, 293869, 222325, 209634, 182972, 432915, 871709, 256588, 168968, 170917, 730993, 594046, 938406, 483222, 350384, 125193, 960094, 641720, 514052, 631953, 490689, 154952, 349634, 502833, 747883, 179146, 377803, 317191, 867750, 493920, 299720, 447466, 740773, 246489, 188637, 953804, 214980, 636241, 444699, 538945, 862332
731053, 911785, 552273, 739854, 916032, 464480, 747230, 600047, 906500, 482355, 812110, 269266, 414664, 240296, 681480, 165308, 190004, 398178, 245386, 153203, 537397, 193631, 831380, 507098, 188840, 467030, 552956, 834391, 442401, 228024, 888785, 907888, 281861, 441094, 855162, 512414, 416762, 469153, 503218, 172919, 261966, 751467, 181913, 694855, 238968, 254925, 950377, 137577, 110432, 771098, 435162, 160046, 928606, 748478, 141040, 871702, 367143, 265277, 897907, 252065, 831915, 754563, 880209, 855111
999813, 894523, 236148, 521504, 140028, 734472, 593489, 580701, 642085, 270875, 424390, 303905, 980271, 636623, 391018, 766504, 295154, 228091, 618260, 265653, 592430, 732947, 274890, 251249, 413130, 829336, 449703, 700012, 789373, 632736, 569286, 811644, 734987, 910258, 124598, 415493, 708715, 348338, 942070, 429452, 536133, 515639, 752636, 269887, 999023, 666158, 522391, 468639, 311155, 886072, 103677, 480829, 427740, 490760, 764431, 519715, 937932, 967651, 988795, 106386, 300459, 957885, 601657, 106260
246913, 422325, 918116, 656589, 142570, 604720, 534059, 607339, 694682, 289249, 258454, 561421, 669232, 612962, 363534, 391208, 905401, 321479, 110345, 341414, 813828, 362892, 906354, 682320, 337236, 479529, 919787, 143613, 597859, 569258, 185551, 951416, 377357, 896349, 153211, 561818, 726067, 489856, 613870, 877696, 148593, 455710, 479963, 581968, 396208, 531388, 541493, 310149, 545827, 231385, 871766, 715553, 597396, 711747, 529592, 584499, 337714, 523352, 659205, 575408, 521005, 700847, 497680, 241844
569554, 616403, 623191, 565024, 284961, 675577, 984914, 438489, 280212, 284601, 924693, 664087, 828297, 887565, 318589, 806082, 260752, 717971, 395306, 311781, 517751, 684432, 518037, 112541, 842079, 560476, 729172, 804046, 727891, 684184, 723010, 523150, 256876, 997158, 333762, 674353, 896222, 709638, 707739, 623730, 922152, 154684, 876515, 832161, 136608, 353884, 628258, 882732, 540657, 524872, 636985, 277844, 807832, 702910, 962008, 888821, 612436, 701148, 723948, 197992, 449597, 118017, 145133, 805676
523587, 205386, 294435, 679255, 976783, 336184, 547747, 870768, 602348, 433068, 752062, 874695, 572660, 622758, 405619, 442655, 339971, 977707, 520236, 641873, 177487, 234532, 324451, 900976, 867091, 991043, 570725, 189109, 871729, 625034, 539248, 246023, 575278, 531877, 934135, 723812, 909159, 926221, 630597, 844911, 637780, 945622, 661064, 140513, 799604, 189881, 684127, 801167, 211090, 728418, 958634, 345913, 581795, 874870, 546731, 889437, 535122, 165019, 160762, 549689, 576841, 132327, 353761, 192223
774154, 320435, 801838, 865135, 315170, 321963, 218227, 295336, 235250, 189054, 839323, 784083, 733949, 219215, 184311, 983726, 388236, 516742, 596744, 779088, 182365, 722689, 687282, 303298, 171504, 529404, 795328, 313120, 238229, 647222, 537768, 517954, 757563, 313122, 503709, 903693, 768989, 891086, 122830, 188844, 556539, 766141, 415112, 399880, 669818, 405076, 603602, 420051, 369151, 817864, 627253, 804825, 493564, 499872, 506890, 403136, 579152, 838469, 762987, 584909, 996379, 235050, 794129, 847367
624264, 374487, 939131, 616287, 767211, 316500, 415333, 971789, 340424, 783055, 545625, 845577, 849273, 417139, 875520, 580687, 177826, 939421, 734434, 975360, 869648, 811565, 966691, 233081, 250033, 386777, 876954, 204299, 968681, 274550, 387179, 317365, 594571, 578814, 618135, 137407, 440727, 283532, 906364, 104991, 853112, 145552, 266702, 801628, 569165, 765039, 231401, 715849, 636364, 377617, 853705, 358092, 473435, 312209, 790562, 864577, 242563, 117622, 787345, 504099, 130962, 322851, 640811, 998558
579996, 894354, 526328, 885776, 838539, 358008, 234726, 194184, 437587, 576681, 505966, 778961, 705481, 222429, 424566, 277198, 398908, 190464, 469912, 883551, 144086, 127681, 725791, 162973, 577422, 386361, 285539, 792177, 769564, 970114, 223292, 978586, 412003, 231268, 572844, 765719, 725117, 387093, 753627, 274053, 973723, 814719, 820479, 353066, 704938, 604587, 806541, 476990, 295602, 836277, 302798, 250928, 525648, 793585, 191480, 579237, 265551, 530189, 278552, 498631, 855736, 372738, 307862, 586112
126348, 297757, 150490, 839601, 998582, 565642, 139836, 150633, 668752, 174334, 428403, 457284, 880870, 246014, 906278, 975623, 817234, 198824, 612970, 744768, 776590, 572439, 663026, 633236, 813349, 504358, 208641, 622820, 521595, 885943, 599183, 209669, 124065, 686626, 948302, 108927, 742296, 876793, 109862, 779948, 618892, 602505, 110432, 439008, 867514, 958365, 774347, 147791, 168971, 685264, 707628, 660929, 260750, 425946, 487866, 566031, 199788, 640845, 645809, 184620, 829653, 449838, 750177, 190628
467561, 771668, 866360, 438582, 925564, 387239, 257583, 590678, 219270, 474275, 307904, 602497, 758430, 752179, 100171, 907440, 765456, 700409, 705062, 228957, 205749, 350008, 998620, 273725, 959669, 345724, 209120, 492012, 589367, 694464, 590162, 601570, 760307, 152362, 103300, 286279, 754424, 491630, 935389, 199065, 304419, 154791, 515651, 742034, 110906, 277101, 656734, 702542, 402047, 512339, 992927, 529582, 500512, 604070, 958855, 267716, 756231, 492470, 502849, 935962, 513766, 220292, 325493, 515091
444871, 582436, 347684, 481561, 383889, 122119, 447286, 883939, 925852, 834192, 481208, 264171, 367526, 782310, 990665, 342682, 479426, 787161, 946906, 997863, 319894, 780595, 178615, 243654, 764637, 455578, 859434, 991896, 970710, 586333, 142228, 885151, 239595, 973284, 662895, 599872, 147364, 292038, 262229, 144764, 782234, 385562, 899584, 158856, 809028, 503934, 934785, 590353, 940695, 438184, 767247, 672280, 307949, 735879, 504083, 113335, 553608, 684757, 604464, 949523, 943741, 476206, 672815, 160909
702051, 427849, 157425, 419693, 551439, 859779, 291369, 940247, 218404, 741901, 225578, 991502, 804302, 662595, 640032, 854865, 381269, 234644, 993897, 550441, 974483, 859179, 918803, 609283, 546636, 670614, 370942, 114112, 989097, 504581, 515103, 285457, 475673, 642064, 805230, 453739, 110982, 988938, 228128, 209881, 709426, 935617, 874950, 238669, 538035, 376321, 566374, 767653, 939650, 500858, 937444, 566861, 983855, 851969, 251227, 390284, 554681, 936391, 369749, 852690, 188024, 209164, 521370, 101328
982116, 579949, 897577, 489626, 882485, 998284, 687612, 912389, 837259, 202959, 253657, 104192, 553427, 431895, 590096, 376834, 496291, 711264, 427995, 354307, 503077, 911763, 618649, 325300, 770460, 371934, 474079, 820192, 927260, 894190, 593139, 629269, 632660, 343522, 560856, 487121, 655862, 825499, 763506, 835150, 785038, 896366, 675943, 367194, 363369, 501649, 238207, 393194, 104344, 439689, 518900, 297810, 785272, 148163, 680234, 117336, 100606, 316674, 411305, 575753, 831909, 553419, 230299, 749987
522795, 668908, 149877, 466884, 151510, 381570, 583645, 936219, 204843, 510551, 479329, 637532, 739570, 322374, 290526, 566823, 175946, 293565, 558292, 408728, 451830, 311280, 727007, 231662, 314532, 883184, 802761, 567477, 841456, 201002, 699404, 547362, 803355, 546898, 187587, 702345, 294173, 606835, 121059, 177954, 259293, 800976, 347555, 235864, 487450, 100591, 363826, 704005, 675672, 912080, 239788, 609729, 658037, 647960, 642238, 157439, 864999, 485525, 497495, 968974, 571526, 456741, 903362, 354411
717534, 278392, 862453, 518619, 705320, 354942, 334450, 603753, 866786, 992967, 926623, 220396, 660187, 299998, 742672, 152664, 939649, 325934, 814443, 315043, 292904, 219484, 920825, 924798, 439683, 727495, 484381, 539048, 744967, 731523, 139569, 389408, 723463, 735106, 281828, 971976, 137961, 944077, 639489, 347038, 980958, 281778, 258806, 856988, 956297, 547442, 382753, 149706, 908502, 732853, 423663, 762711, 612791, 979692, 644768, 644841, 348238, 235272, 233371, 315073, 558300, 223112, 640388, 549730
532117, 924753, 456921, 991242, 844708, 843252, 754672, 427476, 767730, 451679, 591169, 428342, 415538, 833690, 869082, 459519, 959625, 759135, 128989, 377665, 686552, 656621, 579630, 638866, 972214, 754846, 297529, 948779, 611317, 130389, 940255, 383845, 136943, 429997, 956079, 131911, 267313, 822903, 880931, 584247, 879501, 443854, 293985, 179869, 369935, 660958, 681798, 146539, 602714, 610303, 592370, 368639, 303650, 213781, 923173, 765327, 496479, 417278, 326249, 946358, 639387, 587591, 287546, 736170
559056, 353073, 180565, 425684, 915082, 826450, 181235, 232502, 565920, 473247, 394806, 139751, 874182, 755270, 507280, 456189, 889975, 537637, 682012, 978850, 121182, 121963, 388687, 323832, 879207, 803403, 759155, 612844, 342420, 228629, 889886, 684844, 881783, 152666, 841291, 132817, 340887, 772260, 964422, 775432, 202943, 730392, 825615, 514755, 920935, 644045, 702328, 574739, 769959, 469369, 776994, 661078, 735204, 905659, 801966, 737358, 588107, 974090, 821270, 125567, 721737, 755824, 125618, 510054
673668, 792233, 339234, 517889, 303411, 688557, 904729, 338764, 609400, 715899, 992516, 491946, 782756, 119790, 759534, 377383, 898311, 576804, 348070, 892778, 890255, 566507, 461866, 731739, 281180, 522799, 612916, 675618, 933726, 225765, 136126, 335684, 115656, 418468, 817500, 452551, 188407, 415465, 109214, 353122, 153126, 773632, 961239, 343628, 471574, 544860, 243948, 302582, 258950, 506143, 710969, 579551, 339477, 171327, 260232, 253173, 554028, 608840, 588488, 877935, 396503, 329569, 734581, 576064
595408, 370483, 820424, 905776, 910608, 809660, 586589, 484755, 848542, 234280, 198876, 529696, 298527, 656090, 844073, 474768, 179640, 857511, 555111, 944318, 829322, 269046, 213179, 759130, 727857, 926316, 864897, 122914, 424339, 196071, 667783, 853436, 615107, 739611, 619744, 974347, 453816, 482119, 235929, 644491, 695811, 609000, 272212, 128088, 571840, 873296, 318573, 827229, 658361, 495043, 243949, 599504, 149963, 161698, 319567, 415867, 461747, 347205, 482758, 509249, 600013, 258744, 592434, 449143
244655, 328802, 733019, 689432, 979008, 617987, 327914, 298594, 111187, 476535, 878224, 895803, 485592, 950816, 927225, 647373, 657966, 983871, 893286, 642502, 546039, 557013, 631884, 918677, 458944, 488781, 298903, 940596, 321540, 955744, 875877, 852298, 315970, 641484, 871758, 558915, 948630, 226082, 750931, 212072, 961502, 622906, 300647, 679025, 199642, 675359, 825481, 385939, 101877, 852028, 508414, 998635, 531637, 225620, 380838, 889178, 177690, 459603, 575930, 752654, 674177, 857706, 507659, 969077
653718, 126914, 627844, 544897, 737563, 502242, 555398, 863593, 541475, 907413, 826750, 709664, 902618, 920574, 564664, 455738, 419691, 976456, 207935, 380597, 290478, 489968, 632665, 521974, 894110, 347061, 703479, 642157, 404667, 545084, 156876, 869999, 144403, 755584, 401891, 762087, 986109, 430220, 549200, 164285, 260516, 402372, 713079, 578328, 588040, 500211, 238180, 100233, 724427, 775212, 327678, 905901, 964865, 246380, 996332, 960022, 572017, 788727, 509313, 589119, 433525, 929887, 417998, 751552
118853, 167590, 890061, 535736, 919140, 532241, 296373, 644133, 762499, 933565, 213530, 567943, 835571, 451857, 204246, 702201, 628974, 187536, 183505, 372214, 708871, 922323, 154149, 746173, 580724, 482344, 465741, 703240, 917008, 147902, 531300, 396720, 487811, 521081, 498968, 318771, 348597, 794985, 414475, 130226, 810017, 130762, 588770, 671294, 418248, 966527, 797367, 825248, 846126, 516305, 832562, 739181, 687827, 749276, 585130, 378006, 723240, 678886, 124300, 946567, 793286, 763653, 354161, 535612
