454649, 744912, 258807, 931674, 124118, 636981, 631341, 559636, 675449, 429763, 439008, 408748, 800615, 679054, 888253, 162021, 722961, 799375, 627245, 148124, 987849, 621650, 492746, 764684, 800275, 796609, 192816, 834950, 212241, 424213, 324027, 514310
762187, 490685, 287255, 183010, 199613, 488106, 249759, 569683, 829337, 780278, 863439, 306837, 410827, 297884, 124959, 740662, 224964, 891428, 462484, 409241, 514558, 232473, 791410, 961577, 275829, 572673, 208899, 632152, 674117, 921968, 892091, 790262
120799, 426315, 894401, 959164, 195872, 144030, 212294, 346028, 712770, 208001, 159748, 951714, 646007, 826371, 625011, 784803, 616757, 558727, 554284, 375675, 122269, 950467, 370060, 719172, 491573, 101039, 509582, 772724, 326616, 304438, 131501, 941729
510791, 359984, 905050, 128257, 883942, 892792, 119344, 334916, 836006, 841813, 503310, 860529, 223262, 888723, 549821, 397616, 221129, 889623, 320280, 261557, 485579, 814437, 239745, 362790, 926584, 528923, 285800, 824095, 931655, 460606, 660799, 357800
507689, 814506, 742510, 429151, 163545, 324426, 602309, 247060, 512440, 444914, 598555, 867008, 185678, 688743, 788254, 698778, 278375, 985262, 208694, 834703, 943752, 858734, 708094, 629618, 931145, 254077, 103916, 950770, 963562, 405244, 499366, 556077
458081, 807244, 733582, 700893, 890907, 249551, 603526, 663772, 519881, 866851, 922943, 271196, 190006, 110415, 333979, 314934, 294127, 924280, 873517, 387500, 923978, 166971, 770161, 912254, 973656, 299263, 745845, 909184, 235175, 923343, 789854, 873145
570500, 360945, 776266, 505595, 362109, 505191, 468915, 346621, 105132, 561261, 255977, 816799, 604078, 390721, 738758, 456718, 950434, 212440, 546159, 191404, 138115, 774389, 476343, 914243, 241797, 937594, 366337, 745915, 140221, 913935, 276382, 176536
899177, 871461, 377082, 275051, 907430, 338358, 567723, 974019, 865516, 789078, 254762, 451055, 212505, 603590, 893630, 559263, 558568, 914037, 533337, 212132, 891329, 453742, 892639, 612126, 549718, 414391, 647220, 302502, 923859, 485400, 479032, 290578
587180, 532159, 362839, 640434, 402464, 630793, 748688, 744399, 658455, 740596, 107697, 334369, 811974, 481917, 248989, 552844, 739961, 818866, 516160, 795750, 779018, 923012, 367697, 685758, 855508, 954329, 710928, 412150, 296722, 407015, 792596, 251736
888618, 827764, 531764, 802876, 378244, 459350, 125406, 676832, 233952, 488029, 310487, 809929, 887123, 539340, 500630, 204729, 526165, 448048, 324841, 783963, 984790, 411312, 217715, 171318, 284484, 602963, 170301, 258414, 365661, 900157, 218985, 247971
232614, 309134, 581392, 278490, 831943, 924555, 327483, 982232, 889690, 377497, 413350, 476984, 962118, 932111, 709870, 423699, 676471, 693269, 709333, 170539, 484440, 454477, 248104, 984128, 591253, 582309, 175120, 859352, 964541, 138536, 395152, 623961
614970, 270282, 535914, 749622, 641087, 658484, 795217, 171195, 882528, 540778, 220153, 703406, 776243, 168025, 146650, 225672, 877124, 904498, 764492, 350964, 168242, 128170, 398851, 577780, 349319, 966145, 317521, 927178, 497843, 677586, 939476, 905951
314549, 673753, 304729, 451241, 726708, 468067, 338323, 471258, 163989, 780829, 378786, 570423, 334431, 261991, 409751, 747181, 646983, 352227, 549767, 553328, 729210, 517380, 857949, 986747, 379379, 296940, 575247, 901900, 533509, 111782, 649122, 309685
599734, 315773, 721795, 732437, 692949, 755640, 158364, 947604, 136630, 569823, 899833, 585380, 882213, 982644, 705115, 671661, 121742, 628419, 778858, 465780, 223702, 875349, 491482, 912758, 803423, 557097, 962016, 616310, 314425, 309420, 427596, 677165
136134, 539791, 104283, 584284, 914973, 297079, 951873, 556543, 681294, 240877, 769935, 628855, 480611, 639969, 389220, 903756, 165033, 839413, 532743, 651795, 494403, 579363, 277056, 623145, 820446, 212281, 602051, 457513, 744412, 346066, 153923, 387934
437145, 213079, 840536, 754918, 243253, 884688, 914950, 570891, 143507, 478325, 468820, 861526, 200023, 488227, 987402, 651141, 537009, 255207, 259382, 860487, 245458, 611974, 218553, 743126, 130176, 724442, 614885, 287403, 587385, 973689, 396696, 170311
184460, 661668, 286391, 676689, 233760, 476587, 338629, 617569, 612317, 833957, 639824, 245910, 482638, 335437, 527959, 291827, 536693, 123023, 238270, 172376, 122549, 748404, 153034, 780795, 545840, 779525, 408816, 891625, 242760, 659293, 373491, 495739
447207, 371981, 601934, 684846, 546278, 850346, 780657, 556850, 828914, 368756, 724735, 684026, 732521, 142201, 495970, 139903, 591490, 646425, 744482, 266073, 754684, 967991, 213903, 147530, 232970, 648305, 339911, 554883, 757633, 366675, 907154, 577083
570733, 113754, 744735, 630559, 849066, 226664, 376949, 179124, 636702, 811964, 470753, 786646, 169705, 397617, 819491, 478206, 973961, 584316, 285394, 479301, 295187, 869110, 375228, 505530, 855765, 141684, 528549, 410532, 523393, 727608, 262564, 211867
948507, 573613, 767694, 625078, 842060, 714816, 298925, 820878, 252411, 138185, 649259, 359987, 581969, 371530, 774871, 823792, 649095, 767732, 314393, 122803, 960108, 555904, 736218, 602807, 166035, 462755, 315334, 782223, 583617, 453690, 109926, 336608
193785, 198458, 139639, 553573, 612396, 437074, 273723, 737422, 308588, 670565, 110227, 928197, 115428, 890116, 250149, 876220, 962427, 896634, 758104, 549733, 144568, 830541, 185189, 629142, 806454, 709851, 469425, 947696, 386372, 754615, 177893, 780396
800230, 273287, 124360, 557901, 339308, 696286, 192181, 335234, 582115, 247223, 500011, 416579, 669776, 331808, 204874, 565713, 150828, 226171, 941673, 132720, 388932, 586061, 936397, 809479, 257454, 380203, 523718, 509879, 371361, 733032, 653789, 172718
638013, 621468, 693866, 545254, 943258, 233198, 599176, 763434, 467537, 658728, 888849, 630491, 761576, 519169, 827048, 408229, 727840, 505841, 290517, 383203, 731094, 973732, 295711, 279623, 867868, 924675, 266136, 198300, 193768, 489999, 468582, 349806
137403, 664609, 475052, 858746, 901432, 715972, 891403, 418164, 145713, 881659, 370454, 651331, 877388, 542479, 270422, 125288, 787050, 569549, 614976, 636953, 853243, 651643, 208412, 464784, 277703, 663744, 937027, 618079, 103004, 392116, 328136, 839377
777092, 832796, 794819, 718344, 634791, 878955, 894285, 545492, 353560, 887873, 326308, 420864, 558428, 854789, 341113, 734352, 449251, 554714, 707589, 704812, 829659, 713627, 431750, 949386, 453815, 934543, 702326, 356810, 297403, 604959, 356071, 769095
711650, 689012, 828720, 116338, 194595, 282388, 547908, 827548, 980846, 219128, 551259, 815127, 697640, 603517, 673213, 121667, 545678, 142979, 833971, 987487, 205436, 249472, 975086, 376157, 409607, 965810, 114932, 465435, 247820, 365126, 666374, 264870
951138, 456020, 195791, 635057, 909557, 900834, 979967, 782243, 486282, 271275, 397360, 703850, 261162, 203764, 381128, 557713, 537275, 443512, 856001, 631307, 618625, 507547, 185992, 333777, 142756, 235708, 320760, 700556, 886825, 340908, 455724, 983164
142370, 384714, 149574, 220447, 954558, 134005, 957046, 492042, 347517, 207034, 238434, 475805, 377770, 217820, 843218, 444679, 885644, 408040, 962203, 692377, 371542, 627856, 180017, 751571, 363210, 141269, 476462, 794610, 833003, 955477, 475401, 913828
402378, 472760, 385834, 958404, 156108, 386274, 112873, 424808, 858781, 762014, 828011, 594439, 254730, 470172, 844272, 533128, 413852, 286901, 701593, 973990, 861979, 100200, 537722, 663329, 594238, 106716, 408909, 904349, 788087, 343309, 977372, 142649
464973, 904953, 980974, 672572, 646727, 544697, 728016, 127423, 135161, 303212, 454734, 315028, 284781, 368072, 151238, 334096, 288479, 468673, 226027, 397415, 736261, 344974, 342807, 763395, 630298, 461897, 950392, 208614, 532445, 951907, 697741, 833786
757259, 231911, 667828, 737953, 611861, 587745, 194918, 487581, 806397, 260580, 919064, 611865, 377924, 820755, 791093, 572564, 296658, 682126, 892193, 815213, 395554, 592753, 919588, 553668, 177701, 447624, 404369, 455459, 799396, 706570, 893270, 300771
880609, 714653, 913989, 989550, 564956, 751104, 491766, 386541, 692099, 549443, 694221, 390036, 446201, 465984, 960360, 620440, 274747, 204116, 158192, 865369, 539037, 586972, 586656, 144131, 931358, 469614, 592117, 648458, 224422, 996925, 610401, 989143
