992155, 944783, 778360, 256722, 872033, 921076, 722455, 113852, 424247, 139835, 141377, 904507, 954765, 583526, 731172, 714306, 883726, 390939, 669299, 540677, 977646, 338653, 273499, 131070, 718671, 629732, 730702, 730900, 264697, 521543, 570536, 841750
947760, 451811, 764251, 826002, 296999, 448999, 219363, 634419, 405020, 765566, 721024, 235983, 989974, 457484, 598597, 546345, 665922, 524785, 612943, 710991, 273607, 262723, 546376, 770671, 724881, 727858, 117660, 259930, 551017, 530162, 962949, 148988
619092, 411161, 541001, 313007, 698609, 833764, 754576, 788340, 122503, 776998, 897202, 220230, 963134, 936795, 376452, 393094, 350066, 660270, 789099, 442071, 851268, 455326, 566171, 931758, 658650, 698732, 535450, 709270, 890086, 774383, 658936, 289823
140929, 999647, 541164, 574320, 886740, 348216, 911931, 741553, 899758, 736868, 423692, 154389, 594945, 228322, 105391, 949048, 590363, 486693, 953120, 199650, 473478, 754251, 988172, 313460, 903170, 919816, 542009, 872463, 124259, 709941, 306765, 998113
431748, 190361, 700744, 246000, 440370, 291310, 251819, 188731, 317750, 667223, 246246, 142340, 851570, 575229, 900539, 495351, 699610, 928959, 277881, 536972, 319635, 443889, 187063, 502250, 801168, 361642, 996496, 359197, 697760, 403795, 917941, 722391
477671, 812361, 911297, 836816, 516127, 862388, 871400, 442503, 665810, 802809, 639787, 440659, 604526, 603767, 582852, 744601, 100974, 176058, 913345, 616529, 963893, 787051, 538235, 365649, 615789, 805489, 615196, 360584, 117158, 530861, 731697, 139274
635395, 822763, 741890, 379178, 127937, 291762, 954355, 709359, 327479, 601385, 977351, 836950, 305912, 109202, 167485, 545077, 732537, 354804, 169748, 592786, 116975, 400630, 841492, 297381, 336274, 255501, 433414, 521938, 955066, 876710, 313342, 323681
112373, 293201, 618857, 731979, 551659, 115320, 143555, 326547, 545355, 131535, 484316, 780091, 292203, 323342, 338822, 673961, 773913, 912717, 973288, 174949, 162216, 428238, 402844, 968717, 967935, 247798, 463810, 420890, 425309, 981872, 101492, 216441
436278, 517938, 909648, 619202, 456323, 852815, 547554, 480007, 669165, 609512, 198612, 140108, 435859, 750956, 469562, 508982, 845584, 815093, 335793, 279638, 510773, 649995, 772729, 786119, 711332, 213753, 654308, 622106, 813222, 767801, 613596, 773882
778551, 989165, 166708, 216011, 350718, 114169, 844896, 774726, 254421, 979481, 451624, 732607, 762274, 271253, 599996, 427177, 340889, 250641, 328673, 982153, 629182, 464845, 761858, 740533, 572917, 478220, 902461, 168010, 841260, 371010, 514370, 965323
558057, 678584, 724488, 850641, 471202, 439816, 153063, 732725, 341368, 482391, 991949, 438605, 822319, 804775, 655412, 130282, 571262, 219763, 881673, 974553, 131617, 336921, 391627, 765182, 755371, 839399, 658841, 749810, 726567, 615352, 378895, 935354
746419, 577523, 642889, 639551, 894225, 279219, 188131, 921349, 720396, 719894, 867796, 675122, 470471, 825150, 157082, 524984, 795943, 139794, 502271, 932926, 615328, 119926, 375432, 334464, 511136, 504319, 788554, 783845, 885654, 231962, 483105, 996242
959842, 268011, 436116, 549258, 703974, 208522, 679122, 300401, 573056, 574888, 107397, 524177, 819787, 989791, 427372, 193759, 930875, 205429, 494807, 453281, 516788, 300051, 384447, 735975, 324017, 435271, 451890, 516922, 532526, 592733, 923264, 398589
982176, 388357, 422958, 407279, 390685, 797483, 129733, 186454, 425207, 345683, 447306, 221352, 562647, 130069, 238524, 353102, 395911, 105954, 156487, 758173, 899368, 114148, 405927, 837615, 465954, 245524, 205392, 768718, 922753, 859269, 492809, 888285
633692, 652123, 697836, 894802, 607405, 460443, 890813, 517421, 378414, 472217, 779466, 825032, 280458, 841713, 300656, 920677, 275865, 136538, 176403, 600767, 851176, 668060, 266799, 670418, 818874, 260374, 404159, 512396, 775193, 294206, 256534, 276952
692181, 359867, 995003, 593014, 390695, 564421, 589623, 296797, 258987, 732497, 649886, 976912, 369120, 530602, 161628, 514097, 539733, 793956, 353580, 341568, 907963, 129432, 869795, 197627, 870495, 402540, 511609, 993356, 269086, 218706, 931856, 843882
340966, 242092, 262690, 395172, 931320, 873325, 806292, 809211, 923666, 574860, 407896, 336903, 533625, 258163, 598987, 986191, 558336, 362023, 404829, 632864, 601444, 748119, 164825, 481039, 336352, 885699, 536813, 350470, 435187, 603114, 687372, 665856
377664, 263157, 527456, 420958, 621198, 984831, 921793, 822421, 678504, 467504, 334985, 435506, 316208, 243143, 960294, 584001, 948429, 798490, 448864, 271004, 164628, 602145, 799213, 942784, 927532, 241557, 656199, 448497, 104985, 857309, 741235, 791486
324876, 350105, 636209, 229522, 425426, 356122, 366233, 100952, 532670, 729578, 959996, 236909, 337913, 487875, 369139, 348507, 200050, 106411, 940526, 543123, 866644, 534900, 393858, 140538, 490102, 472158, 115293, 267055, 316941, 204507, 217054, 909687
744482, 388732, 740241, 339152, 262076, 920623, 588713, 266841, 959596, 929040, 338318, 108100, 645511, 179365, 632930, 830297, 122285, 929515, 877746, 260753, 990869, 313648, 910826, 659481, 470600, 118421, 706424, 315488, 605452, 353949, 818501, 783880
671239, 465080, 114626, 600208, 973600, 111477, 888400, 630701, 446586, 905632, 153617, 474449, 343964, 653304, 398291, 804864, 109654, 554094, 412079, 819148, 460329, 210179, 476545, 128290, 255562, 233546, 115149, 592191, 273617, 771233, 890814, 683449
873171, 645480, 661748, 510528, 304381, 571631, 453125, 942173, 245828, 661716, 933191, 159520, 896745, 297313, 261926, 410323, 541161, 426651, 311252, 660406, 184688, 699462, 337182, 867138, 464549, 258657, 159981, 595800, 603703, 767482, 841091, 572038
825898, 927136, 820698, 850064, 204784, 314751, 597320, 794320, 992048, 782421, 960637, 430078, 387219, 653057, 426118, 867160, 523846, 299198, 571329, 616822, 830715, 981495, 440128, 476193, 326750, 292703, 844021, 163917, 877623, 625654, 729465, 589526
831724, 153281, 467909, 198467, 771749, 770872, 356616, 461197, 811902, 753186, 374196, 114104, 114151, 480960, 904914, 936981, 333268, 707687, 350409, 913224, 428549, 482904, 827708, 715167, 623957, 730615, 360431, 991596, 245888, 900615, 977427, 943526
306327, 344764, 856690, 147135, 433032, 625965, 464653, 175288, 652934, 373688, 862893, 906447, 125163, 582383, 768377, 140509, 210533, 192731, 868890, 642439, 839196, 517233, 622397, 633970, 470871, 629327, 815456, 930653, 382126, 853969, 151825, 856712
828310, 348473, 112261, 874881, 643800, 226159, 111777, 153126, 573655, 906696, 714056, 137145, 200377, 854167, 583861, 885684, 788344, 789224, 295730, 655697, 252942, 766165, 823393, 354747, 970965, 100297, 996252, 134709, 894960, 905806, 421639, 300197
216660, 742460, 106642, 288132, 932550, 507884, 908901, 724049, 344612, 723278, 770926, 913285, 996920, 207406, 722635, 836240, 832389, 591734, 990734, 225471, 751142, 142308, 914365, 613591, 284967, 881906, 570973, 429529, 454989, 387379, 390275, 988617
679476, 296752, 158507, 107454, 743302, 859201, 567816, 873655, 253487, 966021, 536934, 835487, 102152, 764959, 586257, 396232, 821285, 284087, 672708, 465977, 644188, 360582, 913706, 216226, 571032, 572682, 403353, 159192, 899005, 963184, 371618, 990643
158647, 655256, 802037, 982565, 276167, 567784, 833147, 308208, 154456, 287611, 726254, 716726, 239005, 837770, 503709, 961187, 951521, 898358, 499756, 780102, 463473, 237918, 136260, 412428, 310873, 289956, 265966, 240329, 137710, 409201, 788446, 597945
663452, 878928, 376224, 432900, 267477, 807584, 758903, 477540, 110320, 472675, 484486, 602824, 901694, 248094, 270619, 828279, 458527, 659292, 318668, 583098, 250008, 104486, 380349, 499388, 223745, 339028, 481238, 897845, 225526, 436300, 363670, 596089
660602, 184791, 867467, 284333, 193457, 553806, 782264, 821356, 140366, 859757, 579520, 891991, 273379, 694114, 128872, 882373, 217305, 488242, 611384, 976617, 825814, 861737, 861442, 751762, 163927, 357185, 399062, 638753, 961198, 863491, 681859, 150363
917995, 165085, 313950, 287634, 435381, 502792, 228786, 367442, 986577, 662249, 190729, 133469, 503811, 892512, 881028, 272713, 505210, 304591, 374411, 931332, 525436, 176627, 356075, 485420, 238872, 522070, 138600, 199829, 582916, 980594, 154722, 205850
