379026, 193477, 872759, 739703, 553875, 998000, 573520, 180974, 992502, 424559, 389325, 266645, 429563, 884442, 126440, 523234
215643, 349862, 975775, 404049, 729213, 506644, 264856, 129073, 394525, 131753, 184657, 541510, 512108, 374996, 633072, 584454
345667, 161575, 391744, 483028, 592899, 902118, 343445, 598679, 700105, 201677, 876592, 946898, 497607, 399031, 900557, 950213
878270, 383769, 612969, 991503, 325941, 231766, 354342, 243529, 249451, 923628, 395065, 563405, 765091, 661606, 148614, 237192
177677, 792388, 633154, 972236, 505398, 660693, 286262, 317367, 627498, 757478, 709626, 589008, 755774, 695697, 138533, 201856
504551, 520342, 734731, 672643, 439141, 476858, 997893, 743397, 784359, 272552, 364805, 137438, 338241, 182908, 808335, 809265
305108, 363593, 728997, 820660, 501390, 949734, 768023, 879413, 662421, 454135, 214853, 958959, 814973, 405317, 410533, 691744
745312, 534464, 653094, 928761, 189576, 294578, 557752, 509990, 707181, 825031, 380444, 633843, 809340, 186756, 845593, 495949
126402, 217825, 293357, 115954, 431464, 805035, 164822, 368871, 204317, 958356, 761866, 997621, 721440, 205423, 314017, 348653
952319, 696609, 166570, 483721, 484130, 397194, 627219, 905177, 492803, 897769, 859129, 930107, 367003, 284502, 984643, 309533
926036, 727335, 615980, 885083, 165484, 801174, 676691, 549964, 373251, 653664, 139643, 947229, 667713, 275252, 183075, 670621
353485, 793030, 444825, 111915, 912204, 606358, 849530, 144322, 164530, 311622, 292315, 488588, 806278, 980145, 932642, 990321
266309, 585542, 265545, 717856, 449350, 659951, 878208, 976834, 464355, 764739, 728567, 162255, 415335, 594152, 351855, 374638
335393, 182170, 786065, 685415, 695636, 674147, 855554, 998944, 144936, 343945, 761284, 753275, 306238, 569700, 942828, 554049
922963, 104904, 131378, 865872, 677353, 898984, 637125, 989119, 432780, 913658, 843145, 989987, 999439, 983889, 126865, 179787
422629, 768405, 419919, 267303, 703433, 935353, 954876, 871997, 104317, 388886, 761127, 620342, 121907, 358459, 993324, 993689
