918593, 986469, 486831, 815765, 144714, 463744, 879811, 167245, 512925, 360287, 971223, 345451, 514846, 769613, 524113, 686485, 230932, 848625, 489522, 766964, 928034, 481724, 456482, 806441, 228605, 476040, 709642, 309256, 982616, 229400, 425162, 403812
853753, 323395, 785340, 808032, 258117, 449923, 340368, 155688, 535052, 121012, 336041, 402027, 961115, 741109, 696431, 126236, 483608, 505783, 953928, 757062, 716596, 815712, 488085, 578908, 186553, 272837, 749995, 854516, 237826, 821365, 755475, 237907
463317, 497086, 853457, 930847, 346554, 446105, 345227, 505876, 440879, 455203, 953371, 846438, 669359, 954454, 383008, 476897, 882054, 307690, 315992, 101480, 132832, 437046, 941902, 982581, 151397, 199188, 938048, 670011, 965076, 816242, 257190, 306165
488391, 522961, 476887, 107159, 482345, 788455, 642130, 187003, 449767, 128240, 467860, 948018, 925795, 650503, 956506, 851806, 217776, 591228, 532145, 827091, 728625, 167816, 223525, 141262, 881760, 873762, 600374, 680148, 792287, 889721, 379023, 250699
879188, 825270, 665588, 311414, 249776, 772056, 183458, 285972, 301017, 777659, 196760, 161673, 423344, 127534, 797093, 722068, 813887, 121602, 492255, 771374, 773383, 720922, 502586, 113551, 301727, 636339, 691580, 447959, 183095, 849767, 669012, 635355
239076, 709126, 300266, 994033, 129362, 999480, 391757, 647757, 142255, 691090, 525301, 547299, 884927, 350937, 717225, 555325, 187228, 948307, 693256, 486783, 157371, 598398, 556765, 701079, 775191, 936330, 910783, 662144, 349999, 927281, 311670, 859401
882898, 513810, 440250, 577433, 260402, 940253, 645912, 146702, 597270, 652843, 253946, 936955, 436365, 381986, 603478, 563981, 347023, 438109, 259802, 489108, 314841, 699581, 329206, 382781, 797525, 744779, 262839, 306682, 439866, 239981, 373869, 314920
119260, 557518, 703725, 824181, 144485, 702674, 823447, 591492, 980441, 750757, 876793, 210786, 164346, 287178, 923696, 107838, 449299, 991674, 200158, 141322, 947743, 999952, 955106, 668491, 926093, 579024, 821487, 896413, 417089, 282126, 489671, 840129
789312, 805422, 871911, 808732, 600722, 247628, 689307, 537637, 230729, 325270, 607693, 912254, 219874, 430880, 204069, 605257, 359320, 613600, 532022, 527315, 370894, 429532, 769446, 245790, 953137, 940235, 714323, 252206, 325921, 156222, 967864, 769676
501012, 833911, 240859, 249706, 549715, 812322, 308792, 877585, 664878, 494652, 809490, 813477, 573059, 138791, 549061, 430091, 921437, 196402, 707685, 398464, 502758, 135637, 735634, 428061, 210514, 922939, 766539, 953470, 794187, 389707, 969698, 290087
807219, 622627, 955222, 585469, 193394, 335494, 648472, 110700, 502804, 429639, 744156, 642039, 860989, 533605, 745152, 440368, 820291, 638790, 154026, 141202, 668645, 687422, 579080, 145044, 969690, 503827, 237579, 968229, 468627, 412421, 271588, 408953
977163, 891289, 742092, 937299, 865561, 861733, 478055, 189569, 912860, 279947, 911016, 233259, 841421, 759508, 505814, 330264, 909433, 115575, 790206, 749756, 864645, 975165, 409989, 720105, 915938, 997101, 603576, 417466, 947420, 335772, 924742, 834585
888789, 189474, 610382, 509668, 541301, 462781, 724798, 920065, 643512, 445198, 469822, 789691, 442036, 671739, 614109, 367403, 445526, 867728, 141403, 511290, 382206, 828330, 296757, 610896, 856729, 546281, 433838, 807347, 188882, 725305, 317372, 725952
540431, 914732, 970190, 248107, 132126, 192024, 197758, 209110, 957052, 649616, 641522, 850351, 226829, 657554, 626634, 910266, 996433, 514729, 600023, 831550, 256180, 256861, 387511, 255276, 406855, 204116, 384505, 116126, 220420, 490355, 859292, 610387
222046, 623796, 533958, 652587, 258508, 137601, 167900, 332833, 514834, 949523, 794222, 125105, 988333, 850809, 963378, 145942, 837911, 205162, 557461, 130595, 582604, 259120, 735462, 320153, 984626, 324620, 429264, 222115, 747203, 294541, 679429, 286081
434307, 309806, 802389, 953032, 994159, 189186, 925038, 386868, 398250, 653749, 655740, 299962, 376758, 213536, 365332, 394972, 166261, 337413, 542152, 479323, 171238, 124209, 336190, 159842, 646530, 846018, 785455, 598786, 407616, 523401, 692533, 226480
245251, 221257, 124099, 832663, 758092, 220360, 152957, 221328, 471276, 793186, 244002, 387152, 865594, 120655, 763746, 843503, 940510, 928891, 490346, 754234, 342332, 433440, 104299, 370472, 578279, 239306, 942146, 980954, 291428, 510605, 386129, 269131
779506, 473121, 122685, 990758, 493266, 729687, 689004, 171962, 366823, 198682, 918866, 801844, 838007, 490686, 133487, 616563, 784306, 337274, 968455, 486449, 466202, 196518, 253629, 604490, 795141, 221088, 200633, 938908, 777375, 179555, 446702, 551529
895906, 224726, 587670, 294300, 715669, 612913, 248794, 688967, 473294, 829242, 867138, 190014, 238857, 463321, 358157, 317404, 354254, 408286, 443760, 358216, 515889, 665926, 373066, 463112, 684942, 296730, 995248, 233736, 426222, 235358, 867603, 480131
666949, 803146, 812446, 305464, 888491, 291323, 526796, 852390, 835476, 701223, 313099, 691162, 269645, 157463, 798167, 337129, 231376, 443759, 461872, 968472, 467927, 482886, 450204, 136301, 356848, 774971, 687011, 730958, 722278, 385397, 711827, 536097
535146, 247542, 869207, 463178, 642765, 926687, 728951, 267603, 879647, 122314, 444510, 354911, 910557, 683947, 449515, 481817, 626080, 993698, 350739, 528195, 731589, 861776, 165352, 835336, 572655, 559949, 185624, 334503, 948335, 105657, 302063, 870425
477993, 669470, 956456, 725598, 177685, 805428, 856170, 207754, 441516, 888008, 589049, 196066, 627595, 868863, 695929, 558841, 685856, 192652, 254121, 207789, 149315, 278145, 984271, 363819, 115247, 730173, 286800, 240706, 439063, 800298, 687077, 841090
352349, 641772, 132739, 272987, 391785, 685763, 630316, 601390, 373421, 452316, 350425, 135943, 545998, 622726, 956863, 700850, 787383, 997061, 416112, 710666, 423488, 159999, 235554, 467823, 982332, 651101, 254646, 574509, 930834, 511100, 615170, 949250
951082, 554707, 162130, 216549, 490036, 937638, 119414, 336541, 104828, 711950, 790703, 399830, 581909, 153094, 212196, 284037, 789969, 242648, 979155, 747577, 746163, 188885, 861408, 116616, 734344, 418356, 155388, 312454, 641986, 677749, 621830, 637379
247541, 460881, 404787, 730789, 631637, 761534, 778952, 503263, 197380, 628464, 447860, 871391, 213236, 810198, 599282, 865503, 785923, 686793, 329001, 271216, 426775, 449165, 734587, 740213, 458961, 445513, 834147, 361934, 667616, 345890, 494518, 842313
387987, 195882, 306441, 113689, 573207, 379869, 258768, 183218, 935389, 895794, 324266, 171465, 733782, 272079, 733718, 564559, 821497, 129006, 254775, 309630, 180790, 488170, 276990, 817852, 636178, 511478, 222931, 407513, 897332, 577682, 594385, 919859
583467, 862706, 113183, 476327, 864118, 494063, 535129, 841256, 945497, 875330, 428203, 424950, 317988, 901871, 952896, 604751, 834554, 927024, 311008, 273094, 696761, 373642, 616856, 711583, 511718, 338051, 393112, 296979, 570679, 202650, 219796, 347440
282946, 545801, 215214, 695858, 857090, 437777, 309611, 993622, 755276, 913581, 401499, 611203, 977647, 419765, 745742, 538828, 228616, 546808, 642514, 342869, 385094, 542371, 705189, 654322, 416439, 201825, 155685, 181364, 659298, 335422, 973791, 543602
512960, 547301, 855190, 186374, 691661, 285718, 380636, 624276, 153885, 395010, 142094, 692485, 154758, 171197, 861498, 646841, 229642, 752403, 961408, 502686, 919080, 710219, 806506, 695647, 253739, 441705, 469685, 479430, 452452, 589857, 895719, 414515
717007, 171044, 537819, 913104, 131402, 120495, 716336, 316328, 937698, 169061, 454484, 584913, 465153, 726646, 293166, 583476, 317368, 731070, 938330, 380742, 928565, 317780, 558433, 821090, 665015, 544765, 571409, 220433, 396020, 404412, 877699, 511835
656808, 108126, 368985, 583444, 288509, 771728, 935193, 101704, 683146, 229358, 309367, 972575, 836069, 211054, 304064, 174882, 696886, 730905, 301828, 975298, 617494, 815630, 361177, 751871, 649089, 164737, 627459, 223190, 171910, 773421, 721917, 212088
376096, 770313, 601651, 150765, 790563, 626803, 100514, 764364, 461730, 587093, 699543, 681847, 470235, 191352, 175873, 887493, 505789, 642027, 963648, 214829, 403491, 860292, 795058, 744268, 472756, 560972, 743040, 842654, 127192, 910470, 960380, 883925
