951132, 881460, 902109, 837813, 271833, 870024, 840182, 230378, 305073, 482493, 516872, 659778, 501316, 607387, 784614, 397408, 359561, 186024, 357921, 674784, 407752, 199130, 480342, 934728, 516378, 975451, 326528, 677102, 136849, 683697, 462916, 841696
502038, 563186, 237887, 269572, 293066, 410789, 826820, 849307, 881041, 543313, 189402, 965539, 537206, 248417, 398277, 918623, 117764, 127753, 280524, 715125, 605742, 602030, 704920, 485556, 248903, 297700, 584453, 438306, 117665, 826881, 443765, 584020
177538, 460430, 487441, 918379, 586688, 909486, 467692, 332872, 815800, 202939, 233213, 756577, 201384, 930105, 165437, 948289, 257699, 434921, 898711, 905825, 689705, 395276, 467595, 205410, 537322, 433882, 516306, 683535, 314391, 177831, 731199, 963750
140889, 839814, 192236, 712768, 200483, 682080, 153368, 973722, 232950, 896245, 383579, 266362, 910360, 630765, 647861, 272828, 453657, 630384, 853644, 310514, 927979, 177200, 820315, 424438, 386934, 684532, 920802, 328185, 938088, 389025, 298780, 970152
121189, 145236, 201065, 284475, 588938, 822114, 157083, 767885, 291578, 257593, 819889, 373186, 516782, 174469, 240370, 574336, 252545, 166799, 998197, 251589, 558142, 281714, 600199, 119896, 938464, 492931, 941002, 786565, 841443, 844678, 854097, 336295
825380, 173349, 643295, 784496, 814615, 912148, 264698, 830301, 284764, 468507, 757706, 406957, 752568, 105550, 974927, 606124, 316121, 233845, 365532, 666884, 598442, 150446, 126495, 163213, 395213, 310266, 711423, 171211, 200578, 230289, 899699, 187691
690225, 879362, 743899, 802878, 328062, 200032, 899510, 264550, 544292, 312144, 503197, 349442, 293184, 270597, 316147, 445338, 776020, 805379, 437282, 803904, 182748, 613479, 252327, 609896, 531738, 918454, 377201, 539351, 258542, 901941, 968705, 394467
839190, 508351, 601206, 393060, 899405, 833150, 649546, 363351, 883628, 958584, 769205, 956097, 992042, 625581, 418334, 123085, 328422, 515323, 959371, 915076, 812493, 756606, 417362, 915582, 526361, 102901, 170446, 655580, 864183, 604183, 254520, 437395
983859, 917256, 132739, 549063, 817979, 949866, 173107, 849987, 218799, 250905, 840198, 297106, 295239, 869808, 443510, 263581, 125584, 942521, 391564, 295546, 692712, 215495, 110643, 246139, 990087, 926803, 484256, 889438, 227173, 579503, 605760, 202396
502978, 915909, 751258, 911345, 586662, 708634, 964048, 866473, 940244, 513480, 155130, 295709, 431114, 165258, 581862, 198540, 648505, 859475, 264265, 625060, 913063, 166848, 234700, 511592, 795346, 966195, 879347, 118148, 871544, 723877, 134210, 385399
884272, 453542, 481386, 942880, 747207, 161407, 111842, 333789, 229760, 589663, 926595, 489230, 947474, 103477, 507824, 477874, 699047, 560487, 606372, 577878, 685531, 860711, 460901, 291759, 543147, 850078, 412841, 714680, 267714, 979688, 994491, 224734
515997, 646525, 554388, 184477, 731169, 351568, 394528, 659043, 574538, 182818, 629672, 742645, 467581, 543363, 650861, 362702, 927460, 510656, 997907, 463304, 204230, 215688, 299177, 384723, 295424, 227126, 531861, 599124, 645220, 941213, 727758, 206166
701045, 256960, 783978, 544130, 420678, 407923, 870787, 373059, 561022, 784905, 945193, 124683, 291857, 509753, 785406, 963884, 543535, 943812, 806105, 692687, 705085, 978641, 130420, 519936, 144174, 550873, 326487, 637684, 239998, 507290, 895565, 995228
310433, 248745, 488512, 505551, 637368, 565772, 273369, 483790, 437130, 640318, 845039, 335230, 419613, 574261, 429017, 851556, 767392, 968796, 808315, 964211, 182013, 953988, 789703, 547664, 554443, 568174, 547606, 144582, 546574, 220602, 848470, 980307
384074, 669878, 365710, 101361, 669708, 466408, 685683, 726376, 564199, 733592, 422090, 469243, 936069, 798330, 933471, 684605, 387460, 797326, 223241, 324723, 378293, 596112, 603681, 579734, 909165, 686032, 410250, 712547, 496435, 124325, 757381, 719216
413321, 209574, 902010, 328018, 960050, 944519, 115495, 206573, 433661, 855139, 662622, 887792, 113542, 233520, 936234, 908585, 377903, 367925, 986592, 978069, 186206, 787430, 973253, 198739, 236983, 918856, 198012, 883175, 809053, 457779, 552553, 130949
206010, 869028, 267887, 264529, 936009, 389310, 183216, 618498, 787409, 907337, 238191, 571805, 787813, 615762, 305532, 339473, 746049, 462536, 877885, 167491, 365988, 755301, 380599, 359665, 226398, 393020, 294986, 182679, 921155, 683290, 655468, 557017
393435, 670294, 362687, 617980, 502422, 450274, 584370, 949833, 356376, 461295, 230443, 736294, 862389, 816368, 127813, 782111, 853355, 953403, 283192, 122221, 654544, 340331, 839772, 302403, 623078, 713102, 673553, 482185, 806075, 944369, 908445, 561663
217602, 562334, 998157, 100535, 974499, 131216, 541601, 445047, 410261, 755330, 291304, 766617, 497269, 859121, 476387, 963671, 888576, 790258, 286330, 585405, 858088, 677846, 959163, 770953, 625535, 396332, 992908, 143001, 743899, 153187, 101747, 954242
575958, 290403, 906670, 312440, 512574, 105198, 525025, 450710, 493422, 253241, 520448, 454960, 529822, 620220, 708223, 379916, 333993, 253432, 140928, 327773, 453962, 416467, 208530, 450328, 687812, 127621, 427773, 332586, 579833, 661726, 986981, 884352
341255, 696169, 877481, 504503, 533499, 626086, 324486, 127933, 687545, 597431, 998255, 806987, 690008, 224696, 492700, 786281, 384816, 331662, 833783, 386705, 789225, 754614, 665963, 166415, 844577, 159067, 679743, 638334, 509621, 159740, 919534, 644823
777834, 324959, 908342, 882063, 949749, 733492, 535093, 254450, 664173, 619966, 448036, 246432, 348393, 976073, 510722, 977505, 619318, 140323, 750932, 320137, 708051, 252447, 244603, 515616, 560699, 677241, 282080, 175471, 579196, 860419, 666832, 533106
524336, 172354, 718479, 958209, 380391, 877072, 991289, 291919, 579257, 918350, 739280, 351602, 836236, 188807, 958961, 105826, 261547, 163649, 728056, 849563, 603267, 166026, 700939, 893611, 923232, 947689, 363792, 979142, 911422, 103469, 973994, 314862
748593, 831051, 327233, 178912, 628058, 434415, 468498, 284592, 110473, 526143, 931193, 180158, 778635, 345518, 399702, 543071, 387269, 649179, 873536, 608488, 444746, 647793, 231331, 300206, 611824, 516123, 969308, 530050, 906794, 788818, 680878, 464396
777486, 725870, 651066, 379467, 699211, 198971, 883966, 263477, 149891, 878779, 247215, 606551, 968443, 685363, 611584, 698396, 604042, 575334, 657012, 891574, 457921, 363495, 900328, 601220, 370222, 245908, 656791, 926837, 154890, 660410, 789631, 987998
165040, 889034, 942967, 635041, 458599, 772679, 615461, 932147, 213204, 284193, 740711, 724876, 440821, 461511, 870364, 102623, 888483, 392305, 728148, 420123, 219597, 358971, 306817, 318267, 225357, 872138, 373988, 940606, 753373, 603267, 719896, 667147
827281, 557701, 850044, 572151, 535619, 843087, 928139, 178051, 871595, 754777, 496212, 855785, 937803, 637587, 178196, 253489, 398952, 672394, 879951, 536163, 654654, 372827, 597514, 244166, 234261, 999264, 330254, 494108, 865115, 469238, 652415, 413948
971231, 927323, 527095, 679610, 549949, 454204, 384810, 355651, 456676, 789123, 198423, 489431, 711256, 852781, 727205, 935074, 711229, 310687, 893283, 445383, 981973, 385467, 579757, 726970, 657734, 524690, 211958, 232192, 638202, 387821, 137398, 770255
902860, 178882, 286424, 319062, 546666, 995424, 106664, 283564, 190893, 635972, 193982, 850746, 549179, 998403, 388054, 839326, 903753, 382625, 415222, 443384, 714642, 758915, 567035, 492276, 136040, 279717, 537470, 426859, 261336, 427410, 388414, 721326
822278, 817376, 275313, 319640, 567408, 961497, 262963, 824490, 413577, 879454, 974165, 849588, 994967, 430858, 955873, 655768, 623326, 625687, 203507, 360315, 173050, 414399, 343415, 267643, 409626, 278667, 282696, 611083, 352647, 443395, 138383, 486534
590132, 992892, 826374, 638188, 178759, 171206, 419176, 662856, 361283, 261130, 281148, 924565, 826586, 941889, 217806, 410005, 107048, 105649, 793974, 901552, 368607, 882930, 989187, 976770, 238170, 836753, 578391, 829355, 419545, 788461, 598664, 911282
162417, 886729, 771993, 965870, 703181, 497619, 692297, 214343, 790353, 535033, 201105, 383813, 967779, 454117, 841135, 387035, 498556, 884204, 379949, 687708, 975025, 197479, 597387, 771913, 748514, 517089, 604209, 819220, 733804, 412190, 448613, 864264
