761716, 851979, 127457, 557567, 553787, 450613, 572190, 989083, 305119, 101537, 551766, 522561, 648860, 870297, 765473, 736044
237298, 659179, 726904, 541752, 494009, 976309, 206881, 332277, 984957, 244766, 828675, 737508, 547450, 545658, 965035, 775646
907926, 245470, 301998, 680272, 150215, 348082, 703890, 439337, 773108, 968974, 530252, 574073, 665649, 960180, 415932, 978648
910918, 818014, 239428, 687625, 573972, 227839, 810788, 930168, 192721, 294237, 998865, 473393, 363786, 935257, 759091, 992654
646915, 404814, 880912, 801299, 572670, 937952, 995492, 216933, 321630, 458731, 331953, 344766, 768039, 525465, 392009, 848220
192537, 570089, 288341, 875145, 428123, 966441, 462465, 702296, 594250, 284380, 746391, 744790, 972377, 443836, 783752, 518059
223286, 120671, 395851, 641000, 277053, 328859, 151880, 893262, 665556, 411363, 359559, 542750, 662334, 138313, 790594, 100410
264452, 760740, 834556, 783871, 573489, 608663, 816227, 597732, 190071, 274900, 482203, 458877, 514721, 994545, 160360, 351364
852798, 841457, 261760, 837445, 610128, 596797, 309249, 605882, 763325, 210634, 579244, 535141, 528336, 716416, 334190, 451605
512894, 848874, 293434, 181584, 918459, 439759, 155701, 441523, 878664, 510643, 626781, 999541, 506989, 859708, 579378, 262489
299239, 988537, 992617, 722668, 856670, 339381, 819867, 616222, 447962, 677044, 659624, 117637, 937485, 149530, 673490, 330015
976246, 333006, 211555, 714720, 696844, 566219, 290644, 380138, 586063, 644194, 345034, 726549, 795055, 787595, 676045, 925064
264632, 428425, 362260, 794168, 267714, 402975, 173701, 851649, 447879, 214894, 796972, 676424, 409422, 280538, 405263, 770358
682799, 231108, 593641, 356038, 202996, 397246, 141054, 766676, 645150, 727336, 351307, 736135, 418407, 490304, 764852, 737318
295720, 452554, 783840, 601761, 343426, 267880, 979232, 212094, 317776, 130950, 599074, 743065, 110854, 335720, 254127, 402594
374493, 423424, 506599, 870324, 234556, 525360, 535293, 112192, 553730, 664275, 811881, 788096, 826824, 742593, 777676, 670390
