698879, 281305, 265104, 636118, 227024, 576710, 109842, 300923, 650510, 552332, 230655, 918407, 529353, 554125, 613631, 955936, 823153, 643379, 961812, 483453, 104550, 504899, 253010, 763616, 781139, 336250, 278311, 311736, 851510, 697654, 475944, 509998, 699392, 114586, 818676, 275999, 290921, 285150, 928780, 481865, 956705, 217577, 700578, 509575, 937267, 264586, 153275, 757802, 706053, 361660, 886739, 849620, 873427, 662884, 462478, 601466, 419816, 246752, 802485, 530957, 184500, 196561, 417751, 962037
649485, 138546, 517294, 497169, 529774, 244742, 190803, 748167, 739638, 973034, 422800, 997047, 960247, 733835, 326821, 901427, 168931, 624461, 877680, 428494, 689139, 247223, 838617, 980389, 485150, 848627, 774561, 899004, 763052, 559244, 621885, 895128, 163273, 441277, 369029, 198403, 790885, 936244, 529878, 736453, 794877, 769767, 549669, 823083, 508234, 694525, 697498, 345364, 932579, 602776, 642358, 117022, 520594, 508017, 486826, 442160, 474932, 243066, 171980, 713291, 381201, 569192, 882699, 703714
531777, 903592, 840442, 111931, 299108, 628843, 825928, 900357, 483291, 607678, 187775, 417582, 333528, 526661, 120437, 958070, 832083, 614286, 968513, 626283, 952228, 579962, 672579, 891333, 737486, 560452, 891420, 581067, 894540, 396718, 722717, 846748, 674316, 154739, 249472, 256380, 287162, 824919, 440678, 103592, 248350, 574568, 700669, 376361, 582147, 576701, 176294, 185327, 731515, 148524, 519292, 539209, 274219, 824919, 240616, 456858, 565980, 951771, 840883, 912029, 332624, 627887, 745913, 655381
423016, 590741, 388184, 656541, 794934, 459716, 544286, 716493, 367126, 640129, 934638, 796248, 336333, 550030, 107180, 165082, 724541, 907087, 917343, 975337, 465288, 965535, 481308, 727831, 734281, 351515, 555807, 405822, 433797, 657881, 593061, 900407, 420948, 898434, 329447, 245782, 975900, 108972, 297153, 687809, 476162, 817432, 231047, 694644, 325956, 954357, 732943, 207387, 590383, 876331, 526318, 110583, 914432, 988866, 973839, 615396, 226981, 115115, 698755, 861361, 895147, 250639, 914709, 445396
709246, 891743, 159340, 372790, 333124, 750078, 134719, 562071, 837977, 659564, 767699, 897456, 729696, 589828, 341244, 245775, 833790, 854175, 481241, 679147, 483690, 367606, 105241, 961402, 186331, 409367, 626463, 429657, 244659, 867736, 584163, 938014, 751090, 691658, 343521, 664726, 341229, 879214, 796918, 315142, 234985, 634811, 162191, 889166, 498036, 996234, 809180, 690586, 955307, 292230, 655678, 288413, 555586, 575277, 668773, 958061, 888520, 589127, 254813, 775155, 572325, 207947, 220331, 444074
766649, 129926, 287321, 457926, 127373, 608217, 884629, 561039, 594689, 766635, 280370, 686949, 313735, 140995, 665325, 751228, 603471, 196916, 743886, 716397, 537283, 830672, 768573, 140309, 472851, 816413, 258209, 184096, 764405, 879675, 986378, 604430, 273277, 805003, 827764, 182586, 401524, 708651, 606292, 227302, 457118, 407210, 140349, 644710, 686134, 671805, 943392, 451449, 505319, 625774, 507877, 183477, 106477, 758722, 246708, 799058, 140897, 772325, 970820, 222108, 924933, 661006, 221095, 468463
428064, 992798, 954139, 952033, 556822, 962476, 825537, 327701, 511555, 537047, 618217, 645182, 679144, 560070, 930166, 159734, 751964, 934460, 984267, 283622, 609252, 213221, 342632, 347226, 431659, 384950, 499085, 557559, 208134, 355013, 172747, 844864, 828175, 751081, 799515, 137903, 493148, 907018, 582163, 116229, 102350, 856406, 696142, 212200, 749719, 237010, 399183, 887745, 927203, 576517, 928765, 548244, 444885, 912088, 711330, 875564, 496847, 919633, 365237, 900180, 819181, 557816, 541647, 196668
177467, 916438, 659217, 501428, 115043, 718481, 289327, 699378, 365434, 693335, 329615, 875504, 169529, 194576, 683100, 633764, 566982, 572702, 297851, 487709, 271401, 151985, 451326, 597780, 542010, 308017, 765434, 291782, 408517, 509580, 701712, 287830, 845833, 929095, 705074, 249949, 530452, 405227, 618801, 213440, 356642, 869079, 320668, 438247, 816592, 707365, 281335, 647995, 404824, 150886, 854203, 968690, 404243, 472704, 144450, 371006, 197860, 398420, 984226, 550337, 822777, 214514, 690033, 833383
223608, 661596, 735726, 589221, 186466, 765370, 459020, 382725, 759663, 823019, 469419, 193280, 287214, 697289, 186193, 896751, 990810, 940144, 184246, 352139, 490544, 656859, 708036, 652242, 538577, 376125, 793738, 314866, 621014, 155453, 677175, 704258, 315024, 727895, 786812, 647663, 831722, 529801, 251860, 844833, 287759, 255454, 897198, 128014, 799837, 848399, 970705, 884799, 290888, 964558, 927343, 880546, 238968, 148488, 489057, 256624, 892999, 666506, 774287, 525117, 417359, 316120, 571974, 385737
367441, 814783, 568037, 163992, 534697, 300028, 370398, 875724, 363684, 453536, 161606, 984630, 489382, 769455, 973770, 571802, 758482, 462778, 739655, 556167, 987727, 297832, 558478, 528086, 543707, 984914, 717216, 559544, 686808, 494375, 641236, 807492, 610355, 482114, 173094, 123993, 766910, 319474, 951804, 592400, 260891, 648224, 575859, 967276, 408002, 985845, 100994, 770432, 843578, 153277, 264941, 922580, 278434, 919709, 698031, 324142, 314899, 249279, 266236, 575885, 481832, 621364, 423180, 376419
642728, 222949, 330265, 117645, 183422, 888856, 594857, 653110, 386130, 102319, 971181, 249415, 424241, 797028, 535993, 761006, 789777, 607028, 780891, 410694, 561033, 272816, 817956, 151542, 923476, 233007, 243425, 530738, 706939, 948031, 997338, 744862, 180096, 156930, 648445, 844568, 570926, 158083, 857071, 160121, 620722, 270708, 823209, 551587, 563266, 872537, 129169, 250380, 319326, 905430, 705344, 523662, 681177, 936584, 807093, 790375, 724012, 470385, 734479, 856796, 801857, 187780, 235280, 107731
367188, 109506, 854633, 731646, 364677, 815631, 522605, 966982, 452937, 477747, 432265, 149669, 574718, 106967, 377227, 321819, 948358, 879112, 566742, 831860, 956669, 200881, 617358, 696995, 651621, 263631, 423568, 621925, 141433, 266942, 654441, 570438, 219485, 369161, 500892, 969027, 138691, 582583, 645086, 466088, 144842, 229308, 543256, 540387, 483170, 433481, 463962, 947909, 443669, 719209, 106524, 639478, 171033, 741013, 796215, 609699, 309737, 826502, 116473, 193233, 269413, 259558, 940527, 179546
818552, 572783, 551582, 510563, 408580, 331203, 230821, 326535, 903298, 304917, 164388, 415051, 933832, 993563, 940189, 216734, 433475, 139714, 320814, 641115, 196555, 838017, 912192, 173128, 323821, 657624, 177458, 566410, 338864, 693586, 339182, 175694, 573212, 268359, 651533, 710127, 281302, 611619, 956799, 486063, 727672, 955138, 164704, 834287, 395061, 234313, 974584, 581393, 904383, 864435, 669941, 172648, 359556, 331940, 170830, 448491, 851360, 466140, 505877, 338677, 563615, 204191, 773239, 731083
886882, 677993, 368274, 265820, 931087, 403948, 970422, 171096, 657534, 357053, 433448, 826697, 375873, 139411, 618305, 780031, 276397, 239640, 165084, 671613, 659635, 291469, 834273, 499512, 570007, 638829, 795652, 639484, 126363, 977088, 864962, 899495, 678463, 955868, 352823, 540359, 122193, 278827, 712002, 809337, 928222, 366931, 233713, 916418, 440779, 673964, 539146, 958366, 356059, 402621, 310976, 956637, 551704, 719770, 791687, 522512, 769160, 422496, 989902, 307224, 660503, 262261, 738886, 976043
778309, 780510, 868821, 108983, 940641, 896310, 851864, 235699, 474648, 360531, 157236, 551980, 144563, 384774, 891320, 379521, 480893, 398751, 290921, 384207, 424080, 934981, 138141, 509248, 303275, 992380, 858520, 655572, 789130, 894656, 536397, 879427, 910845, 360686, 919551, 622713, 556361, 377336, 353767, 982767, 544364, 742048, 968406, 808260, 580948, 388160, 902091, 986943, 621636, 277713, 420412, 866633, 807728, 793990, 516483, 721606, 577403, 756616, 673420, 342089, 658660, 456340, 287046, 503105
300814, 286201, 898793, 411266, 150566, 146216, 596905, 677568, 607299, 261413, 901015, 332165, 530134, 938335, 143214, 906133, 822908, 774019, 383395, 563050, 469980, 530477, 392706, 658764, 570659, 480885, 226130, 812695, 723057, 771624, 215066, 298550, 917298, 292458, 141018, 534610, 176797, 457847, 530608, 731366, 775131, 943258, 641490, 358666, 831979, 985402, 604738, 399164, 277514, 970592, 127472, 841284, 451467, 328888, 301656, 217144, 404616, 987406, 215553, 465823, 721873, 854480, 669656, 539172
423758, 850205, 721072, 294674, 710118, 128671, 539918, 281259, 540013, 238358, 107741, 411492, 532525, 472071, 523932, 232225, 465219, 395891, 935185, 378213, 205007, 172139, 766504, 915073, 789318, 842014, 386231, 582809, 770974, 524940, 836548, 341208, 320296, 214179, 223762, 443678, 782613, 161659, 881862, 935898, 697044, 731941, 398996, 239884, 284185, 342140, 678873, 577056, 477031, 630328, 344402, 880558, 279954, 800383, 530787, 889259, 144666, 649610, 544648, 664546, 996778, 803995, 164766, 965904
538828, 417402, 653931, 578398, 471613, 302127, 776048, 360823, 831087, 899649, 379630, 400842, 551234, 280310, 124809, 855436, 968839, 279665, 380695, 525441, 970786, 541014, 512419, 907586, 967211, 990437, 385497, 277405, 578723, 718642, 291325, 175894, 121931, 517910, 879737, 383313, 957262, 130900, 194222, 397630, 164105, 565996, 442122, 851299, 628378, 820726, 141273, 283573, 801639, 479941, 820982, 818455, 971090, 948855, 362093, 540637, 981804, 359893, 772222, 384902, 783181, 944384, 745630, 868260
501792, 522144, 740077, 554316, 630474, 281218, 473277, 640536, 261364, 849198, 250071, 162769, 589355, 935701, 102215, 692745, 151436, 715037, 761689, 591334, 473620, 709792, 645632, 108368, 185342, 242314, 811476, 751997, 811215, 309584, 265763, 704812, 696436, 585238, 999595, 972659, 570133, 162049, 647758, 219635, 185836, 414851, 411338, 612051, 297203, 685047, 244964, 433898, 221352, 993935, 899646, 854200, 273229, 787699, 110818, 438676, 159728, 725428, 636173, 854852, 179006, 595162, 661005, 573380
611498, 793932, 225670, 691092, 238761, 240907, 704072, 578788, 904367, 620984, 177873, 406203, 639279, 732212, 454686, 150196, 802220, 165597, 735114, 718090, 130118, 765311, 450902, 207113, 622600, 131888, 555272, 419310, 636800, 398473, 981621, 299958, 908992, 695809, 547489, 139460, 709710, 188364, 418705, 102935, 364967, 506030, 516648, 729068, 787335, 424930, 238355, 731012, 701086, 843095, 340448, 829211, 945063, 912256, 641332, 537066, 841605, 880047, 812826, 319665, 224041, 442987, 913935, 765384
521257, 844450, 543290, 309387, 105753, 819461, 874121, 778472, 751345, 915621, 524626, 126746, 178004, 593389, 647573, 713398, 885751, 326199, 896039, 511307, 690885, 915406, 875921, 402689, 778808, 444436, 471232, 258838, 417021, 922538, 280884, 662850, 744541, 591050, 920323, 308492, 281935, 125691, 666855, 179536, 550854, 126573, 648979, 404931, 120840, 276659, 277299, 983103, 595048, 982233, 430502, 434490, 761730, 348389, 789564, 899383, 389936, 941352, 957821, 413487, 136969, 668597, 762097, 372613
420656, 890118, 954875, 150609, 213395, 877353, 385444, 517571, 169208, 500926, 526217, 429067, 317254, 521895, 434909, 111364, 871536, 977697, 992206, 456815, 476210, 595231, 597681, 423838, 196435, 263412, 160007, 413968, 789307, 651798, 579093, 869096, 902645, 442158, 761138, 280389, 539021, 457567, 497371, 604318, 915418, 885975, 821865, 816878, 451096, 412560, 591774, 277418, 678361, 897780, 937144, 694068, 258659, 636749, 548496, 879128, 810169, 594822, 916731, 524245, 864284, 510891, 760667, 277215
694828, 211356, 875860, 307973, 799702, 194093, 812913, 835230, 259518, 709935, 888449, 512495, 723894, 375059, 751147, 949057, 916445, 501605, 709895, 540122, 854122, 447648, 154935, 155094, 633766, 120651, 729184, 218967, 943359, 736993, 366958, 607745, 991403, 851641, 633418, 201920, 367816, 224863, 729104, 630122, 410569, 991997, 437570, 540221, 649486, 838773, 279046, 400888, 940448, 240223, 911679, 601684, 439412, 896079, 861522, 455641, 645588, 198369, 636539, 686183, 538968, 163292, 520248, 934070
560043, 916911, 641886, 927799, 212523, 590329, 324837, 877164, 904726, 361749, 483030, 454175, 887163, 193747, 372552, 638216, 386244, 297975, 771611, 892589, 154399, 914781, 177229, 587825, 447302, 781325, 522781, 730350, 611421, 886880, 106712, 824394, 921218, 739692, 333358, 191114, 642801, 247749, 417675, 430494, 550922, 136800, 833851, 258482, 884995, 395439, 697827, 641541, 662998, 589253, 219420, 180702, 621923, 337910, 575302, 856044, 482988, 237087, 548044, 302621, 649722, 703227, 625334, 553088
474692, 926426, 905079, 532819, 650868, 813805, 912865, 866880, 561560, 547211, 535114, 936117, 160003, 982041, 973782, 234119, 769336, 874488, 364154, 421724, 412082, 416273, 277213, 272337, 375545, 119142, 664271, 414407, 702420, 778757, 693497, 461703, 694650, 896306, 591199, 819349, 345519, 229135, 456967, 109402, 938592, 538350, 262811, 770753, 295450, 558169, 711033, 142005, 418077, 908161, 675765, 773595, 959436, 683125, 429959, 474729, 303053, 404811, 847818, 495092, 119999, 448550, 302537, 784795
377709, 800206, 539041, 269017, 257327, 943948, 754393, 161777, 503598, 412133, 584202, 475505, 386069, 968347, 349218, 519333, 159197, 205779, 824430, 226087, 516927, 353105, 417055, 237563, 138990, 267533, 941482, 653222, 548825, 143313, 651044, 815570, 861609, 177757, 918628, 496862, 889817, 607805, 851227, 675866, 572568, 428843, 159220, 660275, 230150, 363721, 889090, 971990, 865328, 180997, 621882, 289523, 717246, 324908, 248981, 259987, 205535, 769928, 169385, 511272, 261333, 666203, 157457, 581074
242468, 800524, 146756, 680685, 164992, 946697, 948826, 294115, 363210, 457408, 913041, 290554, 255760, 638198, 854271, 553474, 240389, 325841, 785917, 976410, 450212, 646386, 948422, 978439, 119023, 321024, 304499, 235546, 599425, 231226, 139703, 179147, 639285, 529840, 922560, 163615, 841723, 338894, 212615, 835501, 481147, 648138, 628311, 605126, 108250, 956275, 393220, 668654, 506349, 698035, 464914, 200888, 988413, 776758, 103144, 416734, 145567, 271982, 865325, 405786, 707635, 441168, 420383, 835506
584908, 850826, 686844, 590126, 510807, 846676, 543425, 245375, 341137, 781324, 818058, 276458, 749573, 801409, 851033, 209292, 222871, 535345, 433873, 436783, 304815, 281571, 745599, 834536, 731835, 346841, 183965, 515941, 984479, 712756, 106151, 309017, 682368, 577737, 390447, 375011, 485391, 322830, 825515, 948602, 157045, 170019, 621772, 110800, 968092, 651093, 470057, 790601, 733414, 863424, 521021, 205837, 991170, 399047, 357300, 365974, 521062, 122012, 932832, 628254, 251532, 412506, 677163, 261769
415031, 137149, 316427, 975150, 308140, 231682, 608585, 497999, 612653, 697955, 288300, 940597, 250461, 560157, 725417, 648774, 426156, 182686, 963293, 701466, 426602, 445010, 353426, 307417, 202094, 443245, 854217, 382764, 472271, 959457, 975362, 345008, 657129, 929747, 293447, 174693, 409349, 579072, 637912, 217083, 422321, 506231, 287968, 918778, 447802, 124287, 458385, 619416, 431346, 727790, 358278, 884920, 610884, 847942, 675741, 715843, 331337, 102344, 355383, 556002, 953730, 558217, 291654, 135310
481969, 211641, 703505, 764422, 921024, 588002, 247669, 423155, 709194, 192983, 609439, 234100, 618595, 432447, 249224, 175920, 754113, 602617, 633895, 278144, 809165, 751411, 611559, 582440, 962011, 249041, 216052, 870066, 437161, 274866, 472965, 918432, 252476, 656629, 953298, 679086, 641612, 714332, 989299, 968613, 662554, 677352, 317487, 848019, 809730, 693517, 840195, 365492, 720125, 436699, 819127, 663313, 480039, 235063, 432778, 416525, 495588, 224245, 817319, 606884, 926905, 733916, 226552, 224158
242192, 727304, 447188, 633287, 272115, 777838, 224298, 746454, 492998, 535623, 847585, 665611, 165253, 516791, 717883, 758420, 703961, 605098, 249160, 933182, 425099, 294994, 492008, 736363, 206433, 678316, 395367, 255722, 749855, 103093, 129312, 586822, 830340, 575971, 369396, 199175, 219833, 969845, 489436, 751841, 858519, 720045, 214638, 171005, 581838, 973015, 749486, 327322, 985880, 626256, 734838, 488069, 733873, 727546, 428026, 169220, 108883, 701176, 518365, 482553, 283910, 771658, 863013, 884702
713152, 970813, 169734, 229179, 599195, 438868, 988092, 244757, 373810, 510732, 833514, 914943, 927544, 985909, 464312, 540356, 693215, 752242, 766430, 508358, 376793, 602891, 636018, 641543, 750655, 954832, 371744, 817295, 172520, 886117, 668933, 747067, 616122, 836545, 991226, 855158, 755353, 122477, 920618, 626545, 870138, 311019, 622123, 654315, 340596, 589168, 334028, 814277, 318496, 549434, 693774, 480121, 686353, 364628, 209822, 392840, 468168, 475324, 679665, 738991, 561438, 570065, 838817, 509074
862049, 835904, 448362, 542275, 560507, 630898, 840525, 110812, 891305, 848328, 215733, 943754, 521987, 543775, 175550, 682928, 364544, 362274, 703491, 155827, 593713, 109265, 359866, 580496, 189245, 734874, 261985, 161127, 987646, 688670, 582062, 443904, 488383, 604617, 904755, 780578, 528891, 208139, 944129, 882253, 811040, 404234, 839562, 546399, 289351, 406159, 270503, 258771, 796616, 240455, 336926, 641464, 153323, 203066, 712531, 792444, 317999, 839334, 418541, 322622, 934215, 548475, 529602, 958382
843285, 747708, 453197, 895703, 212682, 814522, 115718, 324744, 764133, 973061, 488311, 989006, 309696, 347734, 376976, 734242, 773053, 872496, 643614, 161463, 953191, 309139, 444120, 358562, 737660, 707439, 886290, 172296, 643236, 768747, 499185, 900025, 942965, 151778, 973394, 461130, 718446, 760215, 807170, 957639, 479949, 506269, 293211, 771115, 459068, 850424, 296719, 233577, 115335, 129402, 202898, 743928, 494429, 859430, 210859, 299966, 245871, 200213, 678402, 338325, 986034, 181635, 907505, 962190
573391, 343851, 767867, 759671, 159961, 748210, 912469, 445591, 832966, 617459, 986295, 220552, 653098, 412684, 755695, 875236, 965787, 428023, 441966, 667660, 506190, 165957, 994051, 450799, 212888, 927051, 698899, 265154, 238790, 111025, 764811, 599368, 980821, 755797, 195294, 759520, 819838, 183351, 895420, 489147, 562374, 244958, 937239, 476645, 172426, 660573, 326608, 258586, 244949, 508778, 613254, 889135, 833472, 940986, 853290, 611576, 290011, 950057, 417881, 448957, 316329, 290552, 728698, 519531
943146, 735323, 827038, 249943, 435037, 521404, 840106, 218744, 815400, 520332, 929463, 931986, 359886, 447708, 906174, 955462, 698994, 311083, 363102, 691082, 616350, 805669, 867035, 934638, 907145, 656871, 329712, 143595, 543889, 669532, 846042, 381435, 849288, 472885, 334187, 360083, 963035, 351163, 658488, 741785, 767084, 368589, 178718, 722687, 324765, 881432, 378018, 965646, 760309, 225750, 939529, 243250, 472862, 516708, 928938, 116673, 258236, 606046, 359199, 406621, 726211, 573438, 351800, 707016
104267, 843716, 618420, 556315, 308135, 596384, 773060, 202218, 449989, 707825, 187706, 506479, 143282, 729416, 920404, 591328, 551051, 307457, 530472, 314320, 504065, 134396, 585613, 219929, 101312, 211198, 315301, 502258, 384142, 385596, 355637, 692080, 803919, 225775, 958324, 466757, 856067, 314435, 874066, 253566, 241619, 182492, 772610, 111963, 462662, 317277, 456474, 553979, 447620, 671095, 624292, 517421, 369596, 370168, 462569, 210511, 850634, 813582, 926573, 269513, 279356, 964911, 263718, 941218
595696, 761499, 944822, 381382, 787657, 390415, 892370, 257802, 949425, 372381, 565055, 636715, 690736, 720712, 531426, 839268, 730189, 910108, 822387, 158566, 216435, 283013, 157418, 552148, 202467, 611617, 992745, 583556, 285266, 691092, 690047, 458253, 464124, 211638, 895826, 327185, 499288, 338693, 561856, 803173, 304011, 781737, 297101, 805642, 148032, 729784, 781705, 742136, 309861, 384489, 509498, 694040, 410804, 445556, 718126, 487505, 988882, 607617, 254813, 631179, 935163, 111491, 974995, 425768
272347, 491996, 783917, 147121, 678943, 104242, 165996, 775685, 754583, 549242, 402127, 207582, 998607, 169531, 595428, 848201, 682344, 383269, 881038, 716104, 868339, 576218, 220655, 440083, 175236, 750494, 482425, 429100, 725511, 276655, 328931, 320884, 151452, 285917, 825602, 722953, 515289, 874687, 156865, 344182, 975070, 855212, 771609, 745301, 702974, 723545, 173359, 360417, 476734, 206145, 980244, 285030, 282600, 529050, 971854, 967114, 421533, 944182, 928039, 134824, 188659, 424339, 832456, 127470
456863, 174869, 109619, 278219, 782415, 860655, 472672, 560893, 463955, 401323, 522584, 341637, 853389, 133048, 171376, 962068, 206763, 592878, 461105, 583121, 286743, 366121, 521540, 555259, 530480, 544185, 933173, 122527, 196920, 567453, 610359, 231648, 982400, 705687, 938266, 551176, 682754, 269590, 513165, 192273, 536200, 433620, 921944, 348660, 674749, 532316, 340408, 784792, 446236, 631157, 293552, 811559, 856218, 126588, 549644, 366361, 149911, 634608, 862312, 112702, 655431, 931609, 541997, 390747
960376, 888026, 533190, 676402, 121866, 935557, 779608, 833876, 247530, 517900, 270157, 248248, 815096, 208943, 416612, 170722, 345478, 549919, 680732, 755258, 106153, 557398, 680292, 509446, 871333, 729399, 214419, 953104, 371451, 180445, 514577, 113595, 204049, 641507, 706885, 995122, 848091, 777319, 734379, 275979, 173553, 227333, 785973, 246694, 535417, 829905, 584789, 703647, 181891, 712945, 432943, 433680, 613861, 233631, 519457, 328755, 846478, 930693, 117630, 571358, 966193, 507969, 172044, 648090
642379, 615159, 239542, 116073, 199040, 945584, 220979, 827998, 972672, 553590, 203062, 809594, 515031, 992873, 946951, 219191, 664276, 356056, 488378, 963757, 223335, 442041, 207626, 784455, 731125, 509199, 232618, 565865, 975942, 439756, 670334, 305339, 599487, 771509, 923797, 814925, 837285, 373327, 701450, 222163, 654992, 477441, 899042, 184363, 592812, 405497, 577682, 899458, 929768, 314328, 191714, 494802, 376473, 389666, 378252, 112474, 341328, 999757, 517996, 564899, 744772, 644380, 621373, 542340
432270, 344018, 109199, 939677, 258605, 608099, 369448, 227296, 175107, 249903, 346821, 503861, 342226, 211859, 830645, 819277, 445277, 266431, 797187, 773841, 982851, 931320, 408899, 201533, 321938, 632038, 126086, 847803, 538907, 173048, 211736, 435634, 600713, 272846, 684929, 210085, 602451, 491807, 455796, 985214, 989266, 177023, 833999, 251563, 760231, 220988, 690603, 449681, 588308, 997033, 294092, 390218, 251775, 833650, 999051, 131250, 234944, 781746, 902852, 524954, 768118, 936395, 408188, 192555
741371, 296584, 744335, 181764, 517355, 911351, 960037, 568860, 556344, 368646, 248450, 941329, 453855, 892227, 510860, 957777, 906302, 973232, 475483, 734972, 255639, 496864, 555819, 754119, 352875, 117745, 937780, 700917, 114586, 361708, 787596, 959058, 333886, 161735, 837880, 627357, 276109, 252814, 247875, 701711, 400432, 485663, 208792, 538892, 968860, 675552, 301467, 997399, 393728, 619815, 170874, 468229, 322709, 168071, 786071, 709690, 141323, 818224, 336704, 333829, 996455, 221035, 479709, 697599
659120, 106139, 764484, 854393, 939143, 151423, 833752, 360874, 607569, 711119, 751474, 606495, 104859, 603250, 909610, 564587, 269390, 540468, 339975, 931161, 668198, 992784, 334607, 877007, 583346, 419971, 373325, 108767, 246402, 223906, 506823, 712630, 881925, 163286, 468091, 499801, 169348, 947386, 873650, 457252, 243826, 616907, 218044, 341071, 549795, 140540, 271825, 374382, 531146, 372434, 900674, 400155, 899005, 852920, 552324, 529995, 330524, 196732, 562009, 320606, 300240, 655377, 742894, 745436
128168, 627252, 282777, 776760, 851527, 812275, 985273, 158947, 572872, 897961, 315095, 475793, 732414, 208238, 225612, 456282, 874115, 618610, 717888, 395770, 324203, 546531, 657098, 489169, 758446, 559400, 858232, 814438, 912913, 298224, 927226, 928223, 457643, 868047, 539329, 669524, 833067, 185559, 827287, 935081, 695568, 633878, 995867, 826861, 277474, 265500, 248148, 221148, 278600, 323108, 401936, 355071, 161720, 827678, 438112, 852211, 477808, 131266, 608218, 433408, 656361, 847304, 723493, 394545
640587, 231958, 864835, 136379, 627422, 917319, 838528, 382124, 609695, 489246, 776735, 468632, 858371, 115146, 544865, 148950, 333654, 633627, 462651, 765382, 416520, 953956, 421078, 633674, 817873, 899451, 415736, 756706, 534314, 215258, 725372, 239242, 227017, 857056, 379940, 409574, 390642, 414390, 441033, 785744, 957015, 260333, 696061, 316085, 193597, 184749, 742277, 994444, 532435, 992079, 404356, 274214, 646651, 895093, 603688, 731200, 311205, 370876, 736447, 692868, 468992, 300732, 195497, 776880
152999, 391148, 421761, 453567, 596706, 978642, 571101, 980672, 717318, 480536, 721495, 533224, 266524, 671945, 524755, 391931, 597452, 748799, 203666, 716224, 918257, 601439, 968618, 999018, 262229, 961205, 789482, 448229, 367939, 949741, 335705, 450423, 410862, 239886, 459986, 659351, 255196, 416308, 687502, 630992, 674747, 958034, 117181, 489934, 622986, 489436, 745999, 852597, 217089, 372122, 264576, 701858, 276021, 437892, 497127, 357641, 284470, 338015, 276371, 894648, 177743, 555425, 451109, 879943
775471, 225660, 841904, 568606, 780566, 651347, 455497, 591681, 948703, 737489, 480946, 304706, 213229, 642274, 172204, 828996, 174703, 459989, 933578, 721770, 126293, 607881, 175463, 577310, 101430, 519430, 788745, 336169, 745791, 365434, 355730, 819423, 226186, 110430, 516569, 123295, 111635, 735058, 438066, 901357, 680494, 622712, 248291, 622042, 788411, 533904, 695231, 505300, 713517, 386748, 637680, 482256, 589203, 627374, 848530, 126884, 696884, 134264, 244347, 771208, 234733, 305430, 529221, 939704
493393, 479099, 985651, 964687, 248042, 663128, 583251, 355208, 896966, 773002, 931271, 186291, 640414, 808659, 495033, 891605, 245322, 133410, 751593, 480027, 758897, 619553, 848620, 244195, 365712, 813114, 540088, 253775, 522823, 511360, 334325, 562304, 403619, 453271, 558099, 722165, 573453, 625744, 861189, 144383, 221856, 593850, 178548, 834438, 961513, 199972, 640909, 817275, 556328, 734003, 694612, 163079, 234975, 133567, 810083, 735078, 166192, 520192, 435177, 502554, 410062, 483892, 475684, 811375
873809, 366936, 216462, 283531, 259603, 330358, 873304, 927556, 946362, 769175, 333981, 881854, 551545, 224258, 125040, 313657, 364036, 620272, 670770, 300006, 240182, 106648, 754817, 722912, 908997, 185436, 988626, 650992, 138154, 684869, 459018, 551341, 642263, 660145, 401808, 518296, 351724, 259649, 923798, 469708, 123961, 805263, 478682, 463672, 247777, 284015, 112623, 478554, 942758, 701365, 976293, 943663, 868313, 119386, 576249, 201689, 735910, 298941, 844124, 336839, 656019, 784845, 332169, 902290
124832, 339109, 677916, 823393, 782438, 912043, 532855, 574238, 669994, 679266, 895434, 711265, 814534, 158391, 141892, 366016, 547451, 857875, 959325, 955845, 326933, 694545, 877989, 591661, 322977, 313078, 489836, 605166, 240274, 341743, 229622, 908159, 215046, 317413, 147540, 677320, 580476, 472620, 263321, 252953, 456796, 878408, 958743, 452716, 621971, 755241, 341189, 531611, 607164, 268710, 967561, 750416, 230143, 556950, 320538, 948037, 271400, 284761, 911967, 546228, 620623, 512932, 365010, 685396
572280, 877150, 804356, 191636, 267676, 299469, 500414, 647383, 459409, 633314, 397147, 479207, 825467, 235212, 595405, 899250, 792602, 602137, 655334, 568386, 854891, 483442, 150866, 127082, 932173, 532516, 283179, 764485, 823859, 167633, 779805, 818488, 688985, 678207, 697356, 255414, 948458, 798760, 474480, 909296, 185153, 824510, 699225, 143851, 535688, 522610, 765080, 438044, 263599, 709614, 210068, 543006, 885569, 187598, 188877, 342307, 257847, 249663, 835751, 614776, 920306, 703901, 388514, 512912
573465, 922168, 129429, 126948, 461305, 415437, 423734, 187750, 385971, 992240, 194019, 212648, 765756, 973974, 425675, 617212, 693862, 567965, 971333, 613322, 648726, 623726, 912354, 212858, 668001, 639312, 674121, 887419, 681220, 199979, 891618, 614686, 386430, 455356, 288510, 951166, 828593, 674893, 834920, 507762, 904345, 863217, 336926, 667932, 447039, 218534, 567376, 548593, 339759, 604752, 276892, 857432, 760667, 289791, 397240, 645949, 248402, 985261, 948282, 886033, 856404, 307941, 130106, 107149
970619, 543263, 537876, 251526, 696745, 804675, 792896, 498675, 914394, 135054, 560697, 431808, 214804, 476680, 292530, 354613, 827900, 593290, 320516, 992839, 708012, 186701, 674957, 238398, 930955, 161271, 728870, 382712, 371974, 809932, 977166, 911872, 936492, 438686, 631438, 418465, 327716, 125630, 275588, 477537, 315505, 990127, 890846, 895458, 488277, 647720, 338909, 980516, 560323, 201407, 811070, 124264, 822755, 704601, 914695, 691552, 408330, 313430, 654526, 897592, 212158, 523733, 386313, 979548
642337, 463517, 747284, 901166, 477980, 941592, 127059, 727239, 686821, 746524, 211062, 550769, 405396, 280650, 582524, 167559, 755421, 336608, 293519, 406119, 434167, 241632, 476338, 463999, 845342, 345448, 162693, 179309, 576666, 568734, 145773, 891787, 429338, 660977, 384873, 849922, 135843, 447306, 518261, 386700, 398100, 901444, 699150, 824781, 961455, 605282, 224657, 561741, 419298, 981782, 444314, 723178, 958816, 737188, 547985, 181674, 205004, 297302, 385160, 372424, 735348, 448338, 375870, 457032
497787, 637965, 124803, 586101, 519098, 454712, 423989, 278943, 107431, 642695, 424652, 390446, 424186, 995961, 552101, 869368, 759453, 967387, 717561, 361508, 200596, 448482, 700577, 218789, 235559, 937793, 352881, 806862, 201484, 302918, 245343, 422401, 841944, 918993, 506282, 861170, 235990, 937817, 324969, 520667, 637987, 499507, 683738, 180869, 984156, 747727, 544691, 409484, 448389, 563591, 461289, 392090, 576141, 763497, 313420, 710004, 910630, 908597, 724513, 650053, 935554, 672123, 287736, 227001
868614, 494734, 399705, 995756, 686749, 533527, 965854, 103965, 848810, 415542, 210964, 145391, 350549, 504529, 391703, 108741, 621749, 863320, 810684, 970953, 907015, 530018, 823244, 566992, 938428, 628019, 925315, 331222, 974349, 682290, 641888, 242466, 915476, 484029, 259010, 931464, 714970, 157640, 951156, 942642, 407941, 850118, 577491, 370458, 631888, 271116, 652439, 423576, 763084, 581541, 252573, 716227, 152068, 511135, 521703, 292358, 459565, 784608, 687560, 773198, 168423, 462009, 877745, 427853
539404, 321651, 655184, 740606, 892628, 675399, 899967, 171039, 621105, 577062, 738962, 910119, 972698, 497451, 865909, 297786, 498846, 824006, 310977, 807589, 792391, 797656, 695880, 200941, 627718, 756631, 301267, 347898, 129476, 124707, 243705, 388301, 816293, 119732, 981699, 652191, 344490, 940271, 631078, 807825, 238645, 306705, 630638, 259312, 830108, 259267, 109999, 919445, 321407, 657889, 729775, 152966, 829309, 460662, 855691, 524432, 697247, 887643, 840157, 115075, 125193, 126211, 931224, 532515
939504, 224089, 343732, 335965, 740796, 382371, 355983, 148363, 569971, 210015, 182728, 291428, 310828, 745419, 449474, 875542, 323836, 607061, 709058, 707042, 943528, 368494, 427703, 609293, 128986, 164058, 678345, 552965, 437330, 336111, 268941, 101842, 127465, 283559, 939812, 935180, 223767, 845611, 940452, 179144, 738389, 494495, 171639, 997223, 935480, 921387, 516031, 685586, 385389, 635012, 618034, 787411, 640021, 775666, 165269, 266427, 904313, 869044, 658088, 876899, 576647, 697057, 406715, 372299
804880, 662872, 904450, 265935, 198747, 312532, 885512, 818137, 982328, 451091, 774883, 272086, 473546, 162904, 534175, 547444, 819795, 236076, 293955, 136932, 446384, 761239, 443317, 752876, 440741, 347384, 254815, 657160, 571691, 856627, 727908, 895296, 975420, 886048, 228211, 657796, 195478, 384642, 263755, 400467, 465881, 519197, 190865, 225303, 754694, 389658, 298997, 252731, 436077, 202117, 288817, 693477, 345252, 883715, 101643, 543234, 651301, 348599, 480040, 683813, 122170, 318227, 936815, 439074
465336, 115497, 697376, 506234, 534783, 496655, 473930, 213421, 202469, 378102, 570771, 549841, 117095, 431750, 102421, 654985, 659737, 898817, 626700, 687064, 434104, 322113, 194136, 270727, 264858, 794488, 446009, 696924, 703799, 121510, 873429, 271184, 430308, 903977, 668284, 709252, 878362, 188587, 650893, 807343, 185698, 922143, 157981, 962793, 839796, 834393, 521426, 307566, 567460, 471537, 435811, 327000, 260948, 230141, 719043, 369370, 181535, 775999, 322203, 434502, 990518, 602922, 213468, 129417
696408, 339137, 425881, 816472, 920127, 712258, 800017, 103573, 461070, 927091, 609598, 853905, 170586, 622985, 619474, 345956, 289973, 955851, 298221, 825637, 550560, 927112, 177252, 953125, 280680, 453313, 394439, 151643, 860998, 581944, 228449, 569369, 983566, 740292, 614004, 369401, 256404, 645519, 474217, 289466, 302879, 354899, 976916, 181253, 185027, 822212, 601498, 763459, 430662, 764222, 270445, 603129, 502023, 483359, 416266, 329009, 207421, 403026, 899601, 300939, 975597, 456056, 856265, 656941
521432, 918823, 283383, 218237, 638399, 648611, 208015, 641764, 157399, 993190, 454727, 417766, 182340, 194262, 993282, 466530, 264288, 526657, 445786, 438480, 382543, 237498, 324225, 715375, 150649, 976540, 371131, 611604, 693590, 167205, 256577, 408943, 437048, 824803, 773863, 672922, 824478, 231341, 865544, 239615, 751061, 706539, 945733, 851080, 509621, 212652, 398878, 246295, 705086, 957838, 534912, 428278, 303356, 493771, 937314, 347418, 660198, 621278, 498752, 256941, 832907, 690915, 907855, 185204
