819088, 281689, 163246, 456712, 977767, 425307, 100035, 957848, 999264, 417446, 144888, 169255, 767974, 156361, 786907, 793812, 238901, 522387, 998139, 240125, 610934, 863199, 983236, 473821, 846361, 933148, 243345, 959217, 141429, 809694, 144924, 808728, 428839, 544614, 263206, 308983, 727120, 121288, 649039, 130660, 487436, 178680, 592457, 555681, 168196, 127762, 338393, 401704, 525206, 289183, 676668, 334425, 275831, 594633, 682391, 731507, 484667, 214163, 347789, 395870, 338196, 635464, 222432, 900361
181285, 241302, 480779, 950772, 919579, 645641, 408636, 496675, 982447, 622998, 439901, 974736, 304052, 921565, 269583, 611970, 826833, 959108, 955873, 107698, 875437, 416874, 120862, 268495, 250321, 348259, 684340, 265357, 364030, 656882, 550047, 986069, 554951, 790689, 799145, 462772, 566931, 309201, 206229, 750840, 878104, 790237, 162501, 490259, 873362, 499039, 445286, 173838, 516514, 891694, 218118, 482392, 707235, 624365, 202954, 549289, 670089, 938895, 501276, 139117, 665590, 977240, 946750, 651962
147988, 271930, 809812, 908240, 398773, 783993, 654550, 626426, 741651, 373187, 958422, 654185, 671473, 579172, 741640, 655674, 781442, 659058, 847352, 884607, 687621, 746147, 185408, 449621, 977246, 498286, 714864, 995321, 116178, 203668, 629841, 680781, 876271, 796457, 247296, 524177, 677300, 389240, 690437, 486443, 123468, 182109, 965454, 380792, 307645, 395949, 265378, 261436, 577540, 487356, 793019, 297809, 458769, 517782, 882018, 576929, 902777, 950155, 601984, 961512, 802301, 429601, 364663, 572193
136236, 938090, 686826, 734563, 960852, 776089, 411373, 332616, 301584, 209985, 393474, 666159, 329530, 713358, 725012, 858055, 558974, 323343, 392734, 347927, 527036, 589679, 451395, 633899, 469165, 535922, 715466, 148643, 731322, 977965, 301243, 214411, 253425, 916185, 325389, 864087, 434329, 314183, 616007, 192514, 648357, 912066, 643025, 194043, 195455, 311262, 104458, 322049, 452478, 838522, 547812, 266778, 484722, 705560, 694878, 210241, 488240, 298811, 178993, 444968, 736773, 443832, 224319, 462325
371263, 531796, 281293, 862154, 182994, 588635, 848126, 184175, 830755, 980509, 143204, 893171, 716725, 257176, 732587, 659943, 885896, 578878, 496915, 515763, 842060, 275204, 341496, 973887, 406100, 984878, 546129, 906261, 449173, 694564, 213748, 738880, 602132, 499740, 993270, 508396, 513390, 769526, 789234, 704906, 840549, 640705, 701012, 395728, 451222, 250067, 102080, 895329, 448798, 380935, 856177, 780168, 715349, 865537, 264007, 332221, 989288, 919071, 959577, 576675, 382487, 673703, 236446, 473728
609635, 717316, 595919, 669683, 483366, 703996, 867042, 904864, 913408, 656410, 916652, 892538, 125248, 830925, 864940, 401033, 513638, 166147, 625511, 867599, 491639, 236701, 414232, 417915, 557661, 509315, 271761, 356465, 502066, 130775, 586096, 577380, 173128, 743213, 586416, 431224, 146659, 968929, 832652, 542076, 868319, 261142, 520228, 588881, 728072, 712445, 783369, 143293, 272295, 138535, 425440, 594573, 469578, 498962, 670515, 397980, 509434, 940674, 870940, 963879, 617876, 320535, 259609, 750490
326486, 483524, 985415, 409819, 887995, 520696, 982581, 247963, 946495, 809772, 717689, 591175, 921183, 104748, 351291, 993001, 616984, 825816, 379874, 252392, 140745, 847898, 788921, 591850, 393402, 632115, 223426, 927821, 311879, 261226, 311240, 948745, 213856, 604901, 710567, 896147, 465624, 551749, 584266, 402198, 553760, 380887, 683493, 703831, 585022, 853878, 325439, 129828, 974693, 169794, 943193, 935666, 411524, 629144, 294518, 142764, 708704, 513547, 715005, 408944, 448750, 945225, 982918, 682952
225061, 422116, 819649, 381590, 543499, 451684, 467644, 890596, 672013, 665275, 494948, 302440, 181290, 701732, 367488, 513752, 848469, 434963, 981145, 652168, 150535, 394227, 345404, 926279, 657149, 857937, 968404, 965373, 112008, 212842, 436193, 240677, 158960, 830464, 312312, 741089, 568668, 513723, 822390, 934879, 444014, 892319, 897727, 567270, 338090, 935980, 714403, 122259, 640260, 215876, 745849, 778932, 522113, 957131, 415802, 617807, 786387, 987657, 115199, 802437, 444686, 725209, 152895, 611607
707765, 163599, 562764, 410189, 705943, 325954, 953385, 574238, 750574, 662266, 511732, 497702, 201963, 407507, 267490, 447938, 836823, 202812, 335843, 984368, 736240, 285893, 192183, 408160, 922841, 301158, 965195, 156623, 804359, 390046, 745318, 247068, 303367, 745397, 652734, 377855, 816953, 380100, 571921, 536091, 271523, 298382, 859547, 101233, 691922, 305609, 646492, 561188, 744684, 228553, 994999, 982744, 401965, 424407, 323194, 858332, 666493, 477077, 525068, 739878, 741708, 577665, 545462, 529691
325402, 148178, 577079, 860444, 914067, 552794, 402568, 794633, 131503, 957353, 298692, 505626, 991807, 968638, 436461, 761892, 856398, 295903, 548233, 849807, 273484, 322486, 771054, 967960, 280098, 987785, 758362, 326627, 941056, 477783, 492516, 693066, 988137, 655528, 778950, 632057, 166632, 905295, 643173, 761503, 881083, 940606, 788506, 127510, 433012, 922051, 403669, 527703, 835770, 510897, 350647, 657563, 704199, 545404, 564040, 371536, 416924, 227845, 111094, 658395, 563867, 255114, 343999, 874486
520152, 879515, 819901, 294844, 877677, 829938, 288127, 247076, 573831, 241608, 375897, 293235, 432833, 445876, 137452, 647290, 967375, 127221, 154643, 494220, 168369, 930555, 997940, 235098, 169742, 983952, 707560, 220848, 569105, 112043, 966587, 340870, 722680, 616516, 706078, 463650, 949326, 427069, 199858, 154447, 107483, 202187, 328127, 172848, 318473, 662822, 581064, 235324, 263094, 292947, 333488, 532354, 779966, 825939, 778496, 728723, 554724, 590718, 178042, 430256, 670629, 827226, 684148, 485901
328194, 268248, 648474, 504063, 932790, 610016, 509959, 771965, 314556, 194089, 374004, 567144, 565342, 411561, 563833, 753917, 847819, 613894, 571896, 108636, 531653, 778758, 197396, 899047, 153499, 740794, 857108, 272641, 442101, 879544, 447142, 475551, 811622, 943854, 573306, 461939, 390648, 505134, 353375, 478735, 773151, 459582, 845493, 170331, 516838, 351632, 733540, 546279, 210925, 285999, 836117, 777392, 429097, 517539, 339688, 616627, 906444, 476062, 701650, 446488, 643503, 400867, 487106, 528924
648839, 744508, 814936, 990597, 103239, 780701, 823722, 656202, 625472, 378784, 943706, 836019, 128944, 195861, 598631, 848772, 738301, 143859, 171994, 547541, 486285, 594403, 415343, 926469, 163966, 583383, 353521, 256095, 288528, 270510, 780730, 555875, 252631, 258120, 525560, 367979, 594051, 535230, 215628, 424413, 391222, 808126, 575849, 511493, 761414, 593212, 534459, 601875, 845045, 452328, 820808, 437187, 790110, 608018, 389422, 753186, 665638, 920986, 382570, 182386, 110727, 139710, 415205, 890258
893198, 592047, 110063, 949602, 103025, 757293, 101949, 696407, 487598, 868029, 262102, 374337, 311934, 885612, 879702, 588649, 233862, 969440, 296386, 346830, 973971, 739064, 521973, 265878, 148237, 382015, 874068, 591468, 815907, 244379, 363116, 400365, 831200, 661402, 470260, 509836, 617246, 689794, 681858, 926279, 297764, 456586, 940251, 724484, 757396, 216640, 647466, 272568, 959555, 522080, 551683, 691630, 376810, 836852, 198576, 197301, 317488, 324031, 903007, 517434, 646412, 388283, 302157, 936408
536699, 184760, 563295, 102206, 147132, 389621, 948151, 817314, 141277, 556094, 516661, 392603, 245721, 707012, 595178, 637992, 158503, 228352, 697399, 691741, 488673, 632577, 921927, 386485, 319826, 682377, 389382, 859892, 316313, 403086, 556238, 932926, 288401, 538488, 459797, 692273, 173897, 666911, 513430, 413018, 321079, 877861, 116759, 767087, 846169, 450493, 290078, 498229, 701881, 390446, 716080, 780355, 338445, 409197, 749104, 628242, 560581, 222754, 645691, 817162, 254157, 496334, 252317, 887166
204377, 648225, 429275, 966080, 236754, 880047, 505125, 466001, 783418, 336685, 385382, 353632, 268249, 639760, 157820, 475613, 294225, 685850, 782497, 977618, 288651, 690074, 558945, 451853, 779146, 540843, 274786, 450595, 591351, 755469, 665782, 664868, 837914, 594328, 702760, 474549, 939990, 252352, 678489, 494719, 871759, 392900, 436173, 917268, 406149, 233937, 162630, 281847, 920726, 832647, 256521, 920824, 695741, 325558, 515537, 781507, 631949, 742239, 335250, 403753, 621098, 294740, 240255, 424661
929736, 236550, 668024, 250799, 347909, 846675, 743400, 496304, 176908, 433459, 746272, 497169, 940810, 993123, 863116, 308382, 526912, 405567, 346611, 556355, 198745, 678511, 692262, 467701, 232183, 711067, 433538, 111120, 321920, 623142, 786888, 863031, 843594, 284476, 217651, 249480, 267099, 523958, 466335, 378869, 173610, 745883, 936161, 918887, 588516, 286427, 380498, 581864, 297091, 106919, 161048, 913269, 430395, 894643, 440289, 737681, 991900, 929345, 856435, 430561, 511417, 103870, 254170, 476828
465913, 638703, 465134, 797491, 187719, 723611, 704505, 626931, 951935, 738392, 337636, 860778, 746195, 586667, 630640, 100789, 788685, 886327, 421158, 388574, 188092, 649342, 281016, 783006, 924592, 585122, 828266, 179738, 579270, 467714, 215363, 282714, 432775, 262670, 521744, 895638, 890956, 717360, 276898, 178996, 915368, 832107, 448966, 178808, 964919, 483620, 685150, 580337, 597557, 638161, 561279, 626382, 739176, 282474, 114709, 683631, 652928, 167214, 987841, 385972, 593023, 288475, 803813, 858376
131903, 222321, 277130, 549055, 267768, 809535, 568850, 594417, 577457, 359433, 240286, 405393, 151146, 406043, 936590, 715497, 259920, 493388, 717486, 592848, 510650, 113825, 236160, 852333, 796766, 946176, 595617, 306618, 103350, 908204, 815609, 173341, 161678, 256778, 321124, 425466, 916732, 459606, 289988, 897276, 682524, 807508, 171049, 195335, 807320, 788839, 613403, 253163, 752311, 756792, 935944, 661321, 649786, 683829, 529008, 736007, 612234, 272698, 534105, 979608, 495734, 848333, 238166, 944861
270808, 548023, 522752, 562148, 730913, 185293, 337149, 617157, 359714, 545024, 395771, 572578, 759452, 899413, 186117, 411651, 809465, 955343, 793963, 653762, 348173, 721718, 177768, 192518, 633468, 175833, 159469, 790450, 249925, 840760, 299222, 686994, 999349, 608919, 158728, 583203, 547201, 485991, 945107, 258872, 215497, 608219, 132348, 644507, 795939, 327328, 241027, 629433, 507552, 361134, 240745, 343681, 108675, 261705, 468732, 197457, 676855, 396430, 740796, 766875, 111774, 150565, 659775, 367231
866919, 831589, 225738, 393452, 163680, 996629, 933597, 371097, 267962, 412486, 254118, 656073, 353194, 337289, 536328, 911496, 749614, 603787, 595542, 581044, 829446, 153429, 145441, 619024, 474989, 832428, 289975, 889642, 556755, 931792, 911370, 223576, 156050, 612980, 223299, 839201, 635111, 490877, 656051, 992245, 749523, 540464, 639115, 250652, 510156, 954878, 767816, 332881, 691616, 742818, 321295, 936507, 788083, 363063, 179328, 716466, 299401, 714955, 772256, 608137, 381284, 530909, 668884, 852508
364921, 421505, 116921, 827215, 966217, 425773, 722699, 126862, 742310, 671420, 383182, 216291, 734838, 463236, 923796, 391855, 518264, 773375, 310466, 167509, 894218, 888636, 578632, 296089, 541691, 531561, 139349, 930245, 525466, 280398, 209595, 986898, 553371, 654200, 932120, 773053, 165917, 135977, 287590, 756063, 186479, 558188, 136905, 856869, 274005, 904793, 239090, 489213, 647295, 334295, 721189, 375660, 821878, 857215, 189206, 730728, 199948, 589098, 563300, 780594, 667482, 776790, 477807, 133943
795351, 728591, 777862, 797932, 465078, 275934, 709486, 435564, 861731, 975708, 840157, 915729, 959203, 477239, 839937, 775065, 249534, 364073, 425333, 601142, 507759, 354265, 471011, 207774, 343662, 739674, 845879, 633028, 335340, 742462, 518804, 965660, 375157, 796834, 400125, 948567, 912285, 723739, 440032, 953876, 868146, 884036, 734030, 617046, 372291, 570842, 959510, 575590, 592678, 816227, 483374, 719702, 572095, 169302, 863011, 173563, 761498, 156479, 927352, 839871, 219187, 683602, 184103, 286403
758589, 943778, 151182, 693046, 275588, 795835, 527594, 761142, 371357, 286820, 485154, 841750, 916658, 561199, 769486, 632460, 387094, 803222, 446062, 427757, 177048, 239640, 824283, 759051, 840860, 181885, 960102, 122785, 107716, 128006, 467967, 960875, 940368, 641914, 274813, 992795, 454503, 957812, 187777, 594912, 432716, 711827, 456410, 416693, 123289, 246318, 988023, 768467, 366341, 990788, 413490, 849817, 236777, 421043, 539524, 507069, 217393, 812490, 188337, 617752, 588756, 836681, 358812, 965650
691233, 778568, 897642, 454124, 439130, 340984, 536008, 960688, 985158, 822769, 449077, 542397, 199969, 409585, 169865, 594720, 497451, 784256, 677852, 590219, 198237, 112376, 850080, 588357, 445099, 458499, 137722, 728275, 704723, 356892, 353392, 975408, 753962, 638898, 396742, 319179, 753678, 937031, 958450, 811690, 359510, 546726, 157524, 969527, 298186, 979385, 743236, 617516, 820011, 899136, 564696, 993373, 262175, 617408, 463746, 258350, 489040, 359000, 289341, 546677, 262774, 346188, 720228, 272402
463913, 365933, 765154, 801117, 281969, 812042, 538579, 946065, 776411, 769642, 242711, 473406, 381214, 478701, 576477, 922196, 588042, 827354, 481342, 725287, 573420, 332983, 161614, 246111, 800948, 456655, 311379, 102152, 819938, 534504, 994420, 608919, 872040, 753510, 902356, 994709, 953931, 958246, 855507, 440384, 202558, 669977, 171881, 771008, 444002, 809800, 852160, 269602, 857767, 973213, 763750, 453819, 116184, 160355, 982413, 338217, 690607, 366692, 776043, 585453, 869880, 468419, 389183, 221381
410277, 443733, 190613, 162408, 552003, 955421, 341928, 266895, 786647, 399644, 386182, 819719, 154310, 897201, 194692, 972369, 225209, 885612, 325652, 843874, 716526, 747272, 672403, 708027, 408025, 340403, 253493, 168941, 872479, 126169, 471993, 880915, 870065, 659328, 730497, 335537, 691513, 995702, 564271, 794515, 550630, 383776, 943859, 259693, 907073, 808388, 951404, 377787, 679131, 189844, 270552, 843021, 895104, 731813, 734405, 132391, 279864, 899646, 613406, 830194, 284461, 122703, 235118, 376620
375605, 272207, 522936, 118312, 995072, 914735, 219434, 633724, 939473, 703252, 937620, 479872, 212367, 245648, 657594, 553458, 484327, 667435, 778664, 297877, 335714, 383274, 246390, 525621, 225689, 524618, 283212, 260410, 354225, 787456, 614181, 161480, 857840, 157123, 595414, 193173, 342647, 106601, 284062, 802475, 758028, 595693, 468137, 323678, 869141, 930226, 420278, 398311, 420668, 465002, 528058, 422793, 690293, 576903, 447454, 917584, 606072, 816784, 168460, 153655, 566144, 983128, 397502, 844120
584225, 903981, 766573, 257384, 112208, 915651, 226246, 248925, 948777, 123403, 315137, 310069, 811886, 509349, 463591, 961118, 657451, 542005, 222481, 271324, 474924, 332582, 569157, 861534, 528572, 732664, 694872, 361111, 327704, 810306, 751724, 556710, 792323, 711677, 399860, 973453, 569189, 204450, 314034, 886196, 170234, 291395, 159416, 745136, 598426, 783175, 734193, 879778, 415249, 139952, 630416, 980065, 398638, 838193, 864684, 537323, 562368, 242809, 404220, 826274, 269897, 563057, 669969, 638389
407790, 965163, 602260, 483212, 578160, 281419, 551833, 504352, 891804, 583984, 278179, 518339, 838100, 331006, 512537, 150512, 715557, 862126, 332532, 181820, 145242, 289289, 281150, 884501, 188830, 626528, 863369, 121735, 342372, 630991, 636104, 914820, 173658, 108585, 610479, 380619, 803033, 463605, 775301, 994389, 245799, 554214, 276085, 389623, 342345, 519005, 225086, 740770, 846935, 723523, 322478, 691889, 968862, 733387, 580998, 364656, 353585, 529392, 746541, 772415, 761941, 279920, 728223, 546376
788436, 815474, 535893, 342450, 770621, 228041, 460499, 870413, 877286, 390298, 179292, 980460, 490636, 260291, 386581, 582016, 334429, 914401, 367439, 519006, 607003, 217849, 993315, 406020, 254984, 258009, 423372, 668812, 812589, 591036, 925537, 447531, 858232, 328462, 424091, 352149, 300001, 861811, 570616, 163386, 973955, 234846, 456575, 790914, 813331, 305462, 128117, 747497, 604931, 804943, 976689, 226469, 649914, 120039, 464010, 493647, 274956, 555563, 571176, 799656, 679181, 248765, 764923, 100659
286719, 680251, 261305, 972181, 125556, 651387, 593503, 144655, 864836, 261607, 160158, 428590, 829189, 931273, 639749, 247280, 678017, 192806, 740258, 812878, 704995, 419074, 481056, 956872, 630236, 172082, 989636, 161160, 530328, 315869, 626529, 662857, 715024, 859567, 590649, 984702, 473761, 530324, 937408, 265808, 353360, 185777, 288303, 183697, 743781, 735688, 935797, 289183, 267738, 942661, 333014, 774634, 941488, 180176, 525052, 633823, 946074, 274154, 612270, 775827, 608657, 514016, 387247, 938763
114875, 710149, 281273, 819483, 436563, 412352, 590855, 808326, 160182, 903889, 690959, 683156, 317394, 302129, 941067, 910234, 516748, 256267, 961036, 735158, 799066, 585358, 562174, 991107, 866272, 332770, 600816, 679433, 932890, 878446, 294304, 693935, 620058, 834215, 309962, 193243, 869948, 672191, 344263, 400524, 746603, 553192, 636937, 245073, 854231, 338293, 408976, 474996, 349198, 340527, 774946, 244221, 369780, 545838, 550715, 197351, 496579, 251958, 865847, 129923, 999404, 391492, 921549, 897306
417964, 747007, 902770, 104259, 342718, 227550, 324918, 685430, 227597, 172231, 274045, 423980, 135756, 512109, 641927, 183812, 804237, 877084, 112535, 164389, 730789, 798536, 472569, 917052, 329022, 824259, 309958, 436467, 600483, 278353, 515207, 532024, 395811, 100361, 511891, 223011, 707957, 986844, 133364, 834568, 210074, 469032, 788080, 939342, 900626, 800751, 279054, 761988, 234016, 199368, 536685, 782546, 690115, 364469, 400172, 827507, 795474, 730762, 788434, 850993, 591237, 998889, 772575, 272515
915367, 754136, 641975, 214856, 158770, 969204, 381273, 645967, 456177, 652993, 109524, 688169, 413575, 359640, 477739, 698093, 440213, 372956, 306028, 877084, 652175, 951685, 788840, 464835, 494739, 334355, 313780, 684247, 105526, 456476, 181507, 903418, 865780, 521689, 312555, 511650, 912708, 858533, 735123, 468821, 441263, 173488, 373671, 703368, 894675, 465019, 827762, 961313, 157650, 804180, 734364, 833439, 153825, 774664, 681725, 139443, 641112, 523205, 621141, 617667, 252340, 667193, 574600, 381092
570392, 474095, 431310, 109657, 380835, 376401, 424682, 114119, 276046, 601138, 645545, 224781, 376084, 773283, 306966, 325947, 437648, 569825, 325361, 190460, 719375, 672710, 102539, 154145, 893447, 324431, 444113, 709100, 654290, 963607, 591128, 316441, 932576, 103310, 424426, 702161, 144233, 451206, 446779, 443464, 986328, 315699, 811812, 494681, 730172, 147938, 141933, 493528, 934494, 353286, 296953, 579764, 452484, 833099, 411155, 219802, 797888, 169615, 350422, 952773, 920621, 900214, 499375, 658043
215773, 544524, 972637, 305939, 463898, 177695, 478146, 470114, 539233, 407469, 263308, 577637, 978345, 131001, 287134, 786661, 647018, 873490, 387797, 603220, 157901, 412281, 693419, 124150, 529047, 313195, 543970, 700985, 122410, 960629, 735372, 182327, 488319, 671038, 969705, 199545, 338384, 884057, 887124, 784880, 651829, 499631, 462347, 611673, 766860, 496507, 817445, 717257, 796583, 447063, 831330, 291773, 786369, 129999, 520361, 703934, 477839, 271078, 308218, 941977, 848239, 717900, 926313, 576073
958099, 414708, 298579, 268939, 856034, 675627, 747769, 387597, 659108, 392454, 280452, 809390, 169979, 493551, 822386, 650546, 677500, 595957, 562861, 674082, 809543, 147323, 320367, 171826, 713864, 654921, 869943, 872159, 806527, 691865, 405232, 110220, 302378, 380673, 463148, 753738, 411747, 460989, 124206, 314636, 125022, 935468, 326327, 683240, 268473, 434979, 406769, 482446, 411534, 723871, 390230, 937173, 390279, 608198, 806802, 805574, 539370, 256879, 462783, 334144, 907354, 176158, 935734, 290402
928204, 905100, 154803, 220866, 675798, 498722, 914151, 989453, 568262, 430011, 440110, 158089, 998586, 605759, 763445, 766065, 446727, 997042, 768637, 496417, 214616, 379592, 155953, 228575, 766583, 519481, 245892, 914358, 200164, 364554, 496793, 740644, 469913, 304757, 275891, 716262, 559653, 134691, 689347, 479303, 895037, 783496, 577776, 926426, 317331, 149721, 611076, 301175, 586286, 407424, 732384, 234610, 545222, 231527, 983579, 437756, 291005, 122644, 815804, 719580, 192036, 512029, 344777, 602007
213080, 522555, 344580, 994973, 516002, 518839, 382988, 319433, 956900, 455986, 197496, 935673, 715755, 969399, 743251, 165673, 106857, 215775, 985085, 306128, 188456, 727299, 748568, 852553, 661094, 787143, 344079, 564424, 655521, 689037, 178826, 211278, 183983, 216746, 593298, 358675, 432067, 927680, 475744, 182269, 924021, 404030, 433295, 506198, 640637, 684565, 981909, 228602, 987881, 903534, 475355, 691769, 540924, 868871, 879695, 884782, 234572, 647063, 534372, 771845, 686390, 874839, 708678, 486008
568555, 594733, 892390, 270107, 738862, 959667, 527272, 205637, 657387, 560552, 440222, 487041, 769588, 892396, 652917, 352623, 614229, 772355, 165821, 301952, 959328, 886361, 316908, 946840, 845089, 210633, 333591, 346992, 422035, 717238, 797592, 563306, 243584, 178645, 129544, 121898, 647060, 578869, 913593, 282056, 704317, 765217, 462814, 690089, 817622, 349309, 627381, 353534, 971478, 225099, 602916, 357765, 125967, 181917, 476524, 400507, 711413, 188722, 815566, 394856, 236432, 153687, 339654, 307088
933299, 565049, 736890, 624356, 532909, 886139, 271029, 842160, 586918, 370712, 331425, 472376, 204711, 608023, 472805, 767368, 931143, 607007, 916625, 732319, 444931, 940387, 208935, 678152, 357908, 257107, 128801, 650571, 215984, 985400, 949068, 532593, 321008, 787377, 635837, 360717, 190828, 791506, 797027, 674330, 390859, 799794, 352360, 568974, 394672, 799593, 378358, 313476, 704399, 979558, 463920, 712132, 528668, 628247, 955701, 371265, 707350, 267768, 172990, 392136, 820865, 444781, 542633, 661781
747951, 335230, 820670, 100225, 626973, 587073, 842065, 199196, 659012, 648520, 299838, 797832, 132597, 596669, 505442, 317400, 514638, 290631, 196651, 605179, 966780, 555623, 598967, 331191, 306140, 271157, 626987, 497404, 185331, 886000, 693583, 969108, 311838, 474273, 239616, 694046, 298146, 884520, 991021, 525694, 230274, 490562, 823260, 260453, 155021, 570064, 548141, 244995, 870004, 198404, 757010, 439540, 708831, 415188, 952679, 415307, 974981, 477495, 179609, 944333, 986930, 671351, 674347, 855786
399176, 240248, 210831, 588212, 319481, 140530, 248299, 949762, 414313, 548790, 390230, 534717, 986108, 706423, 402919, 759923, 598570, 987995, 994251, 924487, 569001, 493214, 706998, 638208, 540291, 851590, 327557, 184354, 270099, 255336, 703469, 903986, 511513, 150231, 518641, 197680, 622720, 394752, 950706, 578357, 129831, 364071, 867871, 753439, 415715, 832481, 877525, 525037, 227699, 185727, 175492, 871011, 725079, 691536, 978715, 541251, 967579, 457650, 204843, 881759, 987475, 238499, 550858, 939205
492021, 536725, 639296, 384532, 388105, 684183, 512780, 347495, 701544, 123299, 125665, 529011, 407935, 960804, 411393, 872275, 205266, 226866, 974526, 381687, 877950, 734251, 554027, 759888, 269282, 791025, 956700, 914051, 926466, 442985, 715931, 484315, 561454, 150263, 821517, 558775, 196008, 200320, 216466, 938364, 693758, 644948, 805483, 171630, 689959, 889304, 508546, 825874, 256996, 795076, 604477, 752570, 627083, 683136, 752624, 607888, 865138, 967062, 382114, 440758, 722704, 992069, 285815, 104912
456879, 662224, 995437, 956785, 596286, 648535, 677992, 426117, 982034, 677134, 433419, 856937, 353825, 936057, 132743, 943316, 379255, 462278, 348793, 265197, 497562, 885192, 582072, 185910, 591960, 336232, 728226, 317112, 124097, 200892, 172462, 305172, 251921, 346714, 772037, 209157, 799140, 852169, 687868, 504403, 946548, 829387, 993968, 189329, 502666, 215386, 955885, 435256, 431802, 112184, 671613, 871442, 894300, 399325, 127098, 169078, 464864, 100408, 236657, 193819, 572143, 733901, 229201, 450207
195397, 404573, 995492, 780168, 752096, 526496, 220173, 630195, 153577, 274099, 158632, 688513, 859650, 631359, 656845, 815156, 722430, 904177, 537703, 633862, 333221, 923761, 374693, 814923, 791724, 413299, 114539, 685592, 603020, 888645, 176844, 412179, 884926, 110349, 940060, 364324, 311817, 528937, 608263, 643610, 435460, 824776, 136533, 427437, 906114, 869465, 457886, 811786, 275159, 190845, 908303, 991917, 750249, 953315, 455646, 540983, 706841, 170252, 268258, 258988, 831538, 928179, 737743, 536544
169397, 481021, 116689, 508366, 206011, 850921, 533519, 477894, 897777, 343827, 630337, 509985, 632322, 358494, 888080, 146956, 261244, 260468, 398923, 196509, 396216, 445614, 563420, 952854, 406029, 116624, 878334, 300633, 843099, 459652, 871372, 520329, 652326, 429855, 588051, 658765, 905690, 617605, 844857, 144279, 408451, 587429, 744277, 238163, 255860, 743599, 698964, 817729, 611422, 170782, 393409, 546583, 451614, 650990, 730662, 512105, 330302, 611188, 411646, 692483, 859433, 529630, 577042, 281763
391111, 851806, 686519, 504557, 996374, 874612, 791626, 493441, 719887, 821845, 485392, 383311, 650582, 105510, 104084, 694853, 367623, 734665, 845577, 809775, 932989, 620901, 325058, 782171, 994485, 223495, 221903, 899895, 286073, 533699, 516345, 867412, 933162, 465034, 242282, 759423, 980321, 978912, 369686, 381869, 604292, 424169, 221079, 165651, 524393, 821806, 642990, 507027, 449155, 980457, 816047, 962383, 112705, 351268, 853814, 313700, 135018, 715755, 963235, 726210, 762848, 243314, 316639, 286957
127232, 994420, 421297, 488374, 226597, 902812, 208085, 444873, 257244, 210065, 724418, 726199, 195747, 800469, 657039, 452051, 186724, 813782, 794516, 539906, 545868, 893942, 690657, 278284, 313558, 727207, 864888, 403668, 427172, 597004, 532311, 114099, 576797, 252986, 749539, 789308, 526849, 408959, 716397, 251776, 568408, 158778, 376506, 203154, 888417, 308624, 441709, 440148, 301914, 348220, 889259, 438082, 937411, 664548, 158827, 271864, 854989, 934931, 758122, 449767, 285047, 116262, 901964, 291917
461775, 230309, 361828, 569133, 963468, 357388, 441563, 889124, 424843, 586079, 995607, 435204, 385212, 498583, 306783, 878710, 893786, 789517, 426019, 611248, 988895, 310333, 182336, 490037, 579888, 296890, 911252, 333082, 676286, 240050, 175860, 584700, 807728, 186925, 949976, 208061, 756391, 886917, 913069, 720631, 241647, 864413, 884985, 500985, 701479, 421699, 544972, 474860, 206948, 390386, 666747, 396871, 490736, 234748, 902422, 723924, 265165, 677374, 998025, 105998, 800418, 128141, 118274, 245981
939330, 192387, 665071, 395851, 128580, 230986, 774675, 238855, 227298, 483755, 117205, 803675, 887334, 334777, 155815, 798781, 250541, 926830, 361002, 528655, 438789, 790790, 234783, 593979, 325372, 519164, 589608, 299746, 211173, 942921, 772100, 951174, 165380, 569539, 735095, 366601, 239651, 308564, 139546, 371428, 693907, 891686, 782079, 373467, 924706, 200922, 802629, 868386, 205632, 911369, 867010, 813677, 809733, 480164, 918919, 936869, 715321, 858801, 688551, 655558, 268434, 688693, 281690, 940079
878747, 908971, 884119, 724787, 487586, 969602, 840807, 668956, 155499, 921000, 321155, 517916, 450323, 582556, 344400, 702514, 612236, 464385, 364065, 291371, 998420, 158945, 765169, 701497, 867906, 746810, 691386, 380458, 892618, 950294, 576451, 208587, 735803, 745446, 102489, 737913, 781238, 702182, 605624, 318857, 838650, 659147, 514987, 383686, 538161, 206301, 190547, 949808, 459654, 143027, 286765, 440844, 270226, 138867, 993067, 277946, 437623, 372812, 953554, 677109, 343856, 585751, 859405, 295467
759143, 939474, 797212, 769832, 738166, 240905, 815689, 716663, 504589, 553008, 777123, 961724, 380688, 120552, 205062, 152565, 572377, 650364, 640192, 629717, 650333, 108916, 568656, 371621, 186167, 714315, 651663, 111839, 179829, 519656, 888091, 889769, 260713, 246384, 253435, 660530, 783974, 226672, 282309, 148474, 225699, 405364, 863742, 638695, 907837, 840865, 309431, 535531, 901239, 144358, 436740, 837578, 102448, 998769, 856443, 208745, 489760, 534077, 662242, 607736, 853076, 657310, 260029, 849766
554533, 431151, 830014, 419776, 452370, 230624, 815478, 934488, 236737, 552571, 293811, 949044, 850932, 204234, 267826, 286129, 544570, 375033, 717804, 305599, 734332, 734855, 664148, 418014, 637830, 599094, 582739, 104855, 364058, 558926, 875146, 336482, 736333, 697760, 345637, 342710, 948904, 509785, 515059, 962373, 165594, 724782, 432926, 577291, 364594, 280810, 595937, 176071, 270897, 884292, 273893, 880564, 862625, 310254, 591457, 345916, 974999, 799450, 995296, 851343, 138578, 665337, 664261, 636187
544755, 920588, 443661, 543325, 458327, 443203, 631668, 908717, 482452, 112131, 559530, 942052, 162806, 452966, 530193, 959906, 768993, 888682, 528419, 770024, 482547, 489249, 253752, 112529, 186097, 602124, 737396, 959971, 111969, 644923, 423881, 286026, 534896, 941525, 481431, 770392, 917801, 678505, 709527, 109274, 186167, 869740, 874219, 983472, 343465, 860021, 658963, 887805, 278154, 414833, 727182, 143105, 948727, 777491, 288653, 377069, 403120, 291260, 676711, 174584, 909286, 246585, 954919, 496013
363970, 612257, 904400, 474228, 693852, 741998, 950574, 601300, 599301, 424391, 550215, 384408, 428630, 709447, 487877, 834879, 417910, 151014, 409226, 300726, 305646, 152043, 156538, 812710, 308026, 883636, 310739, 580832, 517733, 268459, 619246, 452619, 933031, 735350, 601438, 755511, 868869, 806532, 486452, 900866, 361995, 495813, 249006, 357574, 301058, 504512, 127290, 736173, 694810, 146650, 909442, 776830, 411733, 465126, 364715, 225609, 161900, 700806, 336873, 692082, 612982, 908431, 717409, 312827
397064, 443122, 141697, 993481, 750497, 122442, 855755, 789669, 860682, 325273, 847216, 616795, 624408, 111708, 272199, 490521, 802075, 340761, 720267, 345687, 959886, 742592, 956981, 305300, 541498, 781674, 567290, 164187, 520649, 566731, 945881, 573544, 236793, 624056, 785604, 772451, 181001, 696506, 738938, 651899, 751287, 870684, 998489, 153492, 113424, 696203, 870753, 596588, 152745, 930791, 319838, 156453, 683908, 457367, 431630, 868903, 632375, 347840, 864911, 719369, 298099, 121300, 401618, 972826
597239, 712025, 492642, 733995, 766445, 204952, 989815, 175465, 259382, 810138, 763285, 545209, 312875, 107943, 874021, 575913, 272756, 637876, 613964, 915217, 348516, 542938, 432560, 215642, 626338, 134137, 573990, 197540, 966477, 128573, 951799, 349195, 975253, 192911, 434416, 406785, 987257, 866001, 152626, 944220, 319954, 315025, 989725, 293456, 787905, 723976, 446116, 563532, 765543, 353762, 730392, 507097, 817787, 374261, 595607, 984577, 959762, 969326, 840988, 742358, 900083, 891185, 642458, 447116
214843, 151525, 622502, 381622, 261880, 572187, 119902, 426970, 389678, 793643, 144211, 354880, 412361, 716445, 284440, 304122, 158993, 740968, 856491, 643188, 876433, 108934, 323455, 198199, 749254, 972236, 131735, 639886, 553304, 585187, 568683, 962592, 946089, 944875, 498903, 854595, 413030, 387610, 110008, 832803, 195064, 330579, 758851, 324718, 808551, 197330, 739777, 917087, 832607, 702100, 571464, 639508, 725308, 982038, 451374, 689070, 689736, 236998, 876480, 892013, 673178, 305764, 921699, 104839
520152, 726061, 403356, 166853, 161471, 163252, 606165, 704704, 696098, 367769, 758784, 198952, 263825, 663482, 152902, 763356, 886389, 400098, 394870, 948784, 659636, 524690, 790027, 922188, 546416, 292429, 389881, 888651, 121891, 555032, 349300, 267880, 207878, 456899, 246609, 486115, 360248, 476129, 272641, 193896, 613400, 571126, 585337, 995542, 950978, 476582, 900532, 306212, 445063, 174578, 215381, 460701, 954692, 787337, 468810, 389748, 533580, 172247, 603228, 567948, 484186, 642787, 593611, 354841
155844, 359320, 756112, 597396, 687612, 993179, 810136, 845239, 582371, 212385, 291633, 491138, 912708, 220257, 162429, 706381, 491858, 536378, 137878, 461981, 767552, 214685, 784950, 508666, 101524, 463216, 119686, 879248, 355952, 507626, 555780, 460661, 532420, 649272, 314482, 490231, 736930, 343354, 388626, 852047, 158265, 826935, 116538, 376694, 352190, 824202, 393483, 792443, 832993, 765503, 213725, 584414, 932185, 968227, 715959, 901935, 556260, 761981, 324321, 393663, 307402, 836152, 917739, 764530
709564, 531451, 613985, 835770, 672589, 824969, 743986, 901073, 849766, 336157, 395300, 925762, 215207, 436563, 236627, 658921, 238886, 873397, 517452, 138841, 998283, 739709, 433417, 785135, 481992, 763352, 809394, 129332, 706702, 175118, 808478, 389348, 812686, 836207, 233952, 258117, 192696, 691151, 867576, 218256, 552654, 380008, 577885, 557452, 822163, 239720, 905103, 356236, 539789, 569882, 615976, 764751, 429271, 629478, 358649, 362589, 194431, 697851, 877862, 880093, 453194, 633041, 975410, 469769
928277, 983701, 646896, 198294, 905423, 492229, 976204, 324007, 511961, 903975, 161247, 599673, 711767, 118071, 350703, 353281, 576637, 590454, 598605, 175538, 653302, 746931, 254496, 549646, 795629, 919743, 980317, 735131, 311654, 819100, 189060, 645043, 389685, 673784, 293490, 204682, 242490, 318399, 474505, 159336, 138565, 142257, 661974, 925863, 410701, 692868, 164773, 690878, 817771, 183803, 945009, 609071, 619876, 970771, 762317, 764777, 281568, 833206, 676470, 792321, 712234, 502464, 107212, 794052
