900854, 960778, 373072, 185852, 494650, 858421, 174460, 473022, 702653, 245889, 817287, 427287, 386656, 440446, 337570, 384727, 247090, 264049, 194021, 616492, 884969, 169832, 698328, 666785, 393163, 882999, 245119, 990121, 213058, 138925, 178091, 714920
460763, 836577, 145625, 479650, 661588, 685285, 830576, 399410, 177778, 719471, 133524, 988478, 326683, 525916, 985929, 165972, 208457, 556992, 733824, 386882, 681343, 723198, 366597, 774320, 400993, 697463, 245742, 514616, 208867, 273694, 959833, 660287
135785, 359513, 904042, 127512, 927316, 206799, 833752, 781447, 555558, 243695, 352345, 423999, 277638, 919830, 469253, 851170, 339861, 134741, 897380, 308254, 838956, 368059, 679121, 704816, 330669, 308151, 729378, 229925, 537146, 242715, 849168, 799352
417542, 468886, 878081, 693086, 413247, 521071, 767173, 931506, 983704, 411115, 129058, 384910, 269789, 222926, 285341, 585284, 362207, 381783, 996157, 303689, 508460, 573169, 398082, 330140, 310605, 929566, 895953, 205798, 963893, 968042, 154919, 659415
903581, 457137, 380109, 446677, 734232, 488599, 988944, 870340, 816552, 134153, 962578, 487756, 697961, 238299, 212779, 848715, 623348, 191644, 608548, 636494, 565994, 231594, 262304, 519195, 233754, 347153, 893869, 127671, 312102, 112915, 150418, 295775
265959, 753938, 849289, 239989, 782475, 661090, 522972, 759155, 438703, 434238, 272602, 877881, 519055, 467706, 323129, 601046, 936952, 842765, 770376, 880740, 657461, 846189, 741222, 359545, 469912, 141319, 498022, 520222, 765137, 291849, 111585, 173147
198502, 981562, 300123, 506303, 788853, 109031, 827962, 805279, 882290, 571882, 972753, 238825, 318855, 857587, 260666, 103841, 834043, 819536, 557857, 216500, 654552, 499820, 929609, 884971, 762602, 290709, 819364, 810867, 418842, 371662, 892260, 540174
261391, 902568, 532441, 113221, 595725, 632506, 319447, 162820, 804033, 509481, 380312, 479661, 908021, 239566, 458079, 680087, 894509, 511000, 297175, 365527, 242784, 133417, 945062, 726216, 655738, 537870, 856915, 111590, 174192, 889029, 422158, 844681
342185, 840066, 768232, 880343, 733691, 966865, 876854, 827333, 558777, 799780, 980230, 633304, 146583, 177845, 285964, 559076, 500309, 455035, 149042, 228974, 103355, 275995, 274038, 897939, 504993, 743458, 737896, 683501, 761714, 574529, 706314, 622726
873529, 862103, 184197, 392591, 970980, 227781, 299755, 716537, 312017, 853396, 671890, 576155, 831331, 306893, 971592, 657129, 625386, 270741, 495604, 350690, 827909, 198481, 678880, 923631, 988091, 723134, 521101, 367959, 950926, 319660, 369827, 428122
512950, 742448, 847886, 220236, 261587, 403792, 544673, 225256, 285575, 244537, 530701, 493605, 927325, 876330, 128444, 376165, 970031, 626257, 198987, 784330, 176409, 746132, 907551, 610160, 238386, 442948, 840024, 356803, 445802, 489617, 835744, 601185
238907, 420037, 765756, 570834, 611693, 418917, 883377, 970297, 465957, 366071, 916975, 151548, 297046, 938884, 526055, 151978, 469349, 659205, 245769, 222168, 447543, 652339, 943977, 375651, 670110, 686387, 271747, 628708, 604915, 871622, 846653, 181021
698063, 601496, 768178, 389782, 231225, 644499, 675535, 721993, 317671, 186715, 147907, 526699, 101684, 884766, 855293, 391349, 793612, 856662, 713000, 697830, 600064, 848485, 418989, 544701, 954451, 833074, 228051, 528267, 845920, 551149, 568057, 912658
703677, 276624, 913536, 162124, 527210, 879907, 121807, 795220, 567372, 298847, 149990, 191551, 896869, 123028, 919398, 760709, 938453, 216274, 919629, 301621, 332875, 392242, 280292, 811099, 827425, 848436, 290409, 703926, 627822, 942058, 544198, 849636
763799, 775472, 762264, 310721, 327727, 175617, 637569, 550858, 732352, 933836, 829640, 970335, 124416, 836310, 374866, 635649, 580002, 849119, 309181, 133463, 372086, 914820, 959581, 232924, 499028, 620269, 698626, 165394, 475587, 605898, 846484, 200406
458778, 801405, 419724, 538251, 592572, 361575, 517495, 501696, 773200, 322659, 667145, 531907, 239436, 420604, 476637, 987635, 931859, 146688, 188992, 819945, 371016, 681194, 950408, 303827, 656829, 762584, 544480, 413371, 904901, 692187, 583762, 638849
941715, 770468, 351015, 702061, 652780, 511223, 477674, 545264, 289312, 741843, 602389, 555448, 829941, 649327, 232576, 978922, 394690, 418813, 757199, 368650, 221522, 490303, 843813, 275406, 695803, 340820, 965407, 168517, 413014, 988079, 268536, 568643
767187, 151701, 691003, 589079, 842149, 817186, 873851, 381526, 402640, 334642, 842581, 677954, 691628, 764155, 959546, 348012, 952701, 625388, 987354, 866650, 324975, 632448, 324897, 222643, 576363, 231176, 267103, 593242, 140827, 725392, 552834, 701354
472989, 481504, 370475, 346014, 862616, 644380, 259348, 955064, 296766, 501657, 655224, 904727, 590386, 136645, 817364, 320791, 270077, 273892, 381644, 601530, 438260, 675263, 238934, 372969, 546640, 720340, 496823, 969469, 919164, 771491, 526492, 338228
601867, 595551, 259788, 285674, 231061, 280743, 116040, 349380, 687498, 505262, 753164, 414662, 801253, 912012, 591473, 691110, 828859, 117143, 113421, 481481, 284367, 721484, 743963, 775873, 138573, 885085, 952069, 267709, 198347, 239610, 791264, 935253
240885, 114108, 584213, 151725, 745569, 631251, 984791, 303456, 420727, 663510, 879467, 996135, 671179, 598578, 258395, 223979, 187185, 255525, 844538, 287677, 131287, 751742, 173994, 577403, 799123, 505296, 928381, 207339, 343899, 116545, 442779, 772966
515572, 387956, 112945, 110528, 440800, 218174, 316286, 963011, 819738, 109942, 358157, 708829, 555475, 968901, 375988, 647197, 364473, 337342, 637336, 956960, 619032, 993335, 678959, 555935, 648047, 457067, 483373, 229580, 632011, 393979, 502415, 182152
599935, 837712, 897038, 480102, 929884, 338650, 598715, 718955, 755807, 921754, 595637, 266523, 859143, 271002, 865255, 293758, 289654, 716425, 606195, 573332, 100987, 644264, 443557, 484894, 529916, 803015, 297900, 635636, 858548, 869106, 517556, 356148
446679, 920595, 218887, 288143, 211782, 656662, 622389, 786149, 800845, 150725, 911542, 758079, 168625, 672922, 494569, 624924, 957582, 487285, 374918, 519016, 177778, 212349, 273218, 765006, 422387, 520507, 655286, 223440, 921272, 341465, 610146, 180390
910325, 239614, 378041, 765184, 844390, 600778, 610019, 905717, 654854, 375168, 830708, 304841, 522705, 459667, 146409, 548152, 723555, 273227, 744398, 339210, 109040, 977743, 581959, 915336, 288242, 547288, 937310, 705954, 583927, 340349, 889897, 885311
614283, 946192, 914455, 872363, 525785, 868011, 202920, 797048, 654955, 201965, 985376, 362364, 693659, 162042, 474824, 103376, 989997, 558653, 994289, 842236, 313153, 247059, 631626, 179155, 512674, 416506, 710668, 181208, 118081, 330269, 820245, 384686
869560, 792636, 785482, 600560, 960762, 304317, 360000, 928411, 794572, 995530, 477586, 861746, 251579, 473012, 291517, 524282, 814854, 466108, 271637, 235755, 883543, 167010, 733004, 800842, 979592, 238658, 902654, 573013, 726626, 116291, 727415, 686606
833230, 907420, 244306, 964843, 900838, 930993, 626377, 356974, 133985, 446133, 480295, 800219, 813419, 293432, 437315, 468483, 978379, 218967, 440788, 431868, 837779, 193733, 758136, 832613, 243663, 265842, 108156, 921267, 919018, 689157, 341286, 106830
927898, 279192, 782394, 141026, 129358, 881434, 844007, 174853, 387973, 480162, 894948, 938969, 503953, 411600, 378419, 654628, 690956, 388445, 843309, 838923, 510215, 838810, 804428, 155541, 516775, 959223, 410925, 248415, 599483, 502981, 199276, 557459
694428, 866151, 675738, 986843, 350210, 327682, 228112, 276084, 897698, 367304, 382635, 449044, 623953, 900225, 575988, 937317, 665827, 854553, 111000, 638818, 261116, 972354, 903613, 965904, 812078, 355611, 536934, 310754, 692905, 260546, 632472, 126184
662585, 122257, 460674, 725936, 215015, 173150, 810060, 954237, 785662, 526225, 117272, 610039, 758707, 802813, 882070, 601541, 442893, 521947, 432128, 404956, 159226, 590037, 362744, 619201, 319593, 652969, 580151, 945233, 548189, 671820, 129276, 690353
668922, 696694, 553742, 330600, 343267, 696788, 152463, 276267, 364983, 318706, 163790, 404493, 542572, 371811, 342043, 217167, 135130, 243806, 690644, 943371, 791689, 976220, 508212, 168781, 938424, 870878, 914649, 614640, 395076, 714524, 977747, 457121
