108944, 789613, 842525, 684605, 113174, 276144, 272206, 506553, 261186, 550656, 388603, 456925, 193344, 728105, 219809, 905002
422983, 368680, 108473, 419598, 942427, 206592, 924343, 329349, 236617, 497319, 909003, 128103, 155734, 377807, 786977, 167086
971393, 695848, 208702, 494976, 899028, 341855, 249347, 628928, 334071, 785715, 127305, 179894, 659883, 641322, 685277, 705538
890036, 905852, 355073, 495849, 278348, 317765, 667473, 414320, 383999, 202494, 823273, 263195, 805518, 965679, 257864, 751128
934928, 396522, 448164, 808785, 604240, 195115, 289159, 739291, 291698, 913348, 118104, 984319, 579473, 505679, 849945, 127700
753129, 672756, 512687, 175974, 518951, 611473, 873727, 116754, 646817, 417950, 154089, 376773, 866835, 845498, 788738, 345989
950374, 284440, 433088, 886878, 134811, 204820, 551493, 530690, 372142, 266301, 117505, 891600, 802794, 974539, 557149, 793445
465351, 548614, 276199, 337350, 209486, 504993, 409925, 559308, 138253, 143164, 869811, 615601, 400023, 124060, 710938, 618907
119624, 213947, 709568, 594768, 325953, 234805, 775480, 408101, 492734, 249408, 717751, 515697, 158618, 349162, 262783, 166380
418924, 147173, 519295, 907315, 234778, 252740, 655617, 502861, 554500, 237164, 455737, 341174, 338133, 262482, 145510, 135246
171740, 804838, 975876, 558721, 814158, 556905, 289007, 413583, 827944, 739951, 808257, 973736, 977138, 541040, 631998, 415694
118284, 273955, 165787, 465634, 189126, 211839, 654116, 637387, 107765, 711571, 354392, 768244, 840887, 944209, 799952, 260210
469639, 311599, 356348, 848301, 979193, 491718, 587828, 997049, 691288, 220805, 472233, 193833, 368221, 415066, 151392, 514913
208512, 360839, 648539, 364986, 717277, 335021, 473647, 570436, 813135, 364914, 731669, 985721, 960915, 618035, 131146, 893123
687829, 957039, 958404, 831197, 229465, 697218, 789502, 107714, 270802, 715871, 499874, 132645, 228491, 587292, 841144, 598121
369293, 317228, 817692, 315014, 436974, 594144, 751047, 933095, 674983, 365796, 467165, 403274, 256868, 601950, 277993, 696874
