423945, 712139, 364374, 109715, 927229, 626846, 123959, 613820, 618203, 288562, 457672, 661565, 205508, 322618, 159751, 702992, 792982, 410034, 849303, 607013, 469132, 897914, 383733, 112192, 124289, 536886, 895213, 782631, 343165, 104544, 183628, 506837, 878600, 582233, 249488, 360105, 926519, 281248, 780411, 688760, 470672, 557835, 317758, 380204, 373756, 183484, 643926, 250520, 122151, 202998, 312671, 287736, 593972, 450032, 714831, 816700, 737605, 561533, 228906, 984774, 169264, 644055, 627140, 737555
251161, 115497, 621020, 945090, 255830, 333291, 126978, 659399, 640234, 704636, 870435, 297318, 485487, 261548, 662338, 982849, 207508, 949813, 824017, 913030, 597219, 979289, 857419, 147851, 835063, 887849, 506620, 669890, 758768, 231715, 816503, 266411, 646165, 251529, 556192, 546481, 652412, 447906, 318145, 332702, 698573, 704582, 850339, 680626, 219943, 202103, 506260, 753618, 849700, 808946, 740164, 174630, 747646, 958040, 432514, 136390, 473426, 100685, 848283, 224483, 881382, 453396, 598491, 982439
693725, 285392, 787477, 265051, 721392, 170036, 992580, 710659, 291187, 967466, 406576, 807644, 522477, 808446, 631315, 935214, 997801, 985818, 781462, 959126, 180550, 475409, 495503, 256554, 116897, 170067, 185436, 874502, 118920, 405268, 231472, 303542, 954027, 526649, 314651, 922429, 290754, 350117, 973064, 852899, 455070, 639411, 319901, 100045, 404494, 799878, 583885, 564251, 382457, 617567, 245536, 109491, 116106, 629240, 601276, 320013, 222389, 482448, 851583, 291416, 229937, 586282, 435491, 340738
981216, 641269, 542653, 146719, 622147, 729811, 231987, 720084, 841519, 812578, 634853, 792918, 279164, 128436, 904665, 951104, 739639, 355879, 776095, 189597, 949368, 576294, 513609, 999302, 255715, 710736, 240248, 885170, 400971, 726940, 153732, 942098, 569530, 920954, 964944, 584550, 579586, 596708, 655860, 222747, 911073, 444726, 400146, 375374, 662085, 701654, 717519, 356745, 320740, 953951, 608143, 514452, 854280, 756471, 738168, 345147, 427537, 135961, 677139, 197481, 752591, 798203, 943804, 903430
677126, 499124, 318863, 370708, 458620, 356672, 620058, 603770, 148325, 209309, 645728, 566669, 914887, 351577, 509182, 366644, 178328, 226067, 385638, 753571, 983029, 900612, 187036, 968367, 106590, 502683, 131580, 537316, 517354, 148349, 114643, 278563, 588320, 141163, 561672, 886839, 412394, 874239, 785408, 290326, 165303, 873549, 404817, 647543, 560960, 117964, 477260, 787867, 951049, 577449, 749159, 299573, 993348, 460625, 467048, 705668, 292478, 509740, 264837, 238711, 582474, 154285, 979252, 336543
831390, 605378, 862096, 744803, 898279, 395727, 266996, 387432, 777852, 851010, 572082, 154621, 747661, 140427, 221859, 329818, 323418, 420556, 539805, 904337, 893214, 814936, 959098, 158341, 616686, 183835, 959710, 764341, 756761, 273539, 627743, 112245, 572993, 262658, 240638, 160183, 521710, 151283, 350697, 594298, 888712, 182076, 608163, 711352, 390877, 291966, 507554, 639305, 643316, 934782, 867480, 146194, 568676, 411486, 552132, 632617, 642953, 914039, 203760, 997581, 419779, 849565, 915351, 179977
275701, 367467, 819568, 253711, 145990, 230907, 224980, 690578, 674993, 812627, 445331, 149369, 735811, 421273, 965793, 653630, 255346, 219070, 476260, 653952, 166408, 497494, 386985, 758232, 646628, 717606, 983978, 424791, 727670, 707406, 826438, 238621, 787710, 419847, 812496, 446296, 391949, 299893, 241643, 651760, 628330, 429568, 229382, 989868, 918527, 760202, 988214, 691976, 592225, 337601, 154323, 425229, 435702, 869359, 628018, 599435, 972166, 651846, 196903, 316825, 952602, 294951, 152473, 849465
913197, 523021, 993543, 693349, 721636, 148708, 971553, 565332, 532017, 848745, 372139, 838143, 755265, 806930, 704504, 713380, 652028, 572950, 808044, 815106, 444341, 956251, 256475, 814280, 442705, 332826, 450438, 104889, 183224, 342200, 811779, 903266, 555517, 474705, 369586, 250531, 271646, 514318, 274949, 198836, 119000, 237844, 203179, 223255, 554643, 703041, 834887, 141451, 773921, 436150, 743434, 228273, 960321, 371695, 868270, 753495, 828711, 744840, 451394, 982100, 395520, 172693, 575098, 622813
308449, 791896, 962959, 981500, 714046, 325851, 677765, 213321, 488916, 345660, 355964, 158567, 418773, 499900, 483945, 613778, 324203, 431201, 928986, 634265, 986075, 104117, 380604, 564183, 531534, 216381, 916888, 326129, 492671, 657518, 246870, 904614, 341255, 179654, 789058, 222328, 839143, 509730, 698587, 120536, 956049, 421015, 740975, 171751, 778210, 848152, 478323, 659416, 807666, 939756, 688891, 129443, 515024, 392829, 296480, 548406, 738617, 559809, 889418, 768643, 905249, 515648, 201889, 392882
905517, 252069, 216930, 829410, 783874, 655698, 789396, 136342, 431489, 675326, 492692, 664294, 526470, 353516, 310226, 375596, 453430, 335907, 866721, 290790, 677410, 107309, 288730, 658032, 401202, 695846, 886705, 171795, 836863, 351004, 225574, 249802, 164613, 381487, 628428, 679557, 858633, 902164, 179789, 186988, 916103, 176980, 572837, 235207, 718753, 335116, 872247, 806520, 163331, 813941, 580802, 622450, 215905, 333698, 353876, 587775, 433621, 878003, 484881, 600534, 696896, 259186, 283628, 818107
821795, 540027, 591787, 127583, 739999, 504523, 586461, 203189, 991769, 579398, 808365, 737810, 841790, 956335, 330453, 273409, 671752, 728619, 196996, 906934, 829386, 952815, 411284, 399564, 963236, 985622, 830257, 303342, 865300, 602392, 623185, 309899, 608796, 673915, 930598, 405121, 343329, 283782, 668947, 991234, 542208, 881701, 835985, 759216, 231762, 174011, 753385, 305256, 117909, 597127, 629740, 435686, 994005, 114942, 785072, 501488, 589557, 725234, 341046, 795141, 969270, 932188, 906798, 534432
797097, 902590, 798941, 802038, 737494, 397983, 231951, 789218, 159699, 187754, 684687, 659489, 993314, 388330, 408174, 829943, 259705, 876116, 530079, 989707, 550484, 510706, 760583, 751690, 107168, 927393, 139358, 738406, 247917, 119288, 300771, 711864, 770479, 192693, 149386, 959339, 174141, 983907, 424825, 598740, 563379, 873535, 511881, 196546, 824664, 722186, 367972, 767343, 190460, 532769, 499589, 658702, 715741, 546082, 239408, 632802, 770027, 460075, 341122, 426734, 470243, 130007, 491162, 893949
793168, 443409, 506351, 108843, 878859, 269241, 524770, 138652, 138272, 438429, 488919, 599470, 271206, 693169, 553734, 919407, 785719, 716784, 535307, 347837, 661871, 122545, 173344, 568427, 421151, 579943, 541254, 297539, 176183, 417086, 227040, 949516, 242334, 225466, 106655, 230020, 199043, 538957, 789275, 889390, 560738, 755099, 674904, 596568, 271423, 891282, 520673, 426377, 835835, 267892, 815158, 210681, 887603, 886930, 950837, 550285, 163020, 455799, 943711, 411065, 813347, 529923, 517987, 172850
815863, 927551, 733114, 139849, 775096, 261144, 793849, 144883, 114092, 399239, 928176, 364073, 988124, 864148, 648097, 109007, 319681, 526116, 272760, 203823, 552710, 830291, 187363, 180448, 993838, 238442, 127014, 314110, 681635, 965376, 218261, 583160, 160832, 750020, 284514, 976889, 783176, 648325, 635416, 569946, 611816, 785140, 229229, 805349, 565975, 362004, 893961, 947466, 738912, 501822, 585868, 623833, 666011, 918264, 211682, 864081, 195178, 574000, 514723, 803046, 720985, 506863, 966889, 150617
347402, 826968, 956905, 900010, 189300, 436258, 288470, 548066, 763285, 852966, 320779, 870449, 961362, 608721, 231402, 678688, 122617, 981001, 245201, 741952, 348149, 290414, 589496, 585527, 700470, 955860, 435721, 812468, 965443, 261159, 996096, 395841, 479883, 344337, 526767, 730427, 631553, 462631, 346847, 751766, 788390, 207956, 338848, 709805, 911982, 261336, 860255, 662163, 848586, 274128, 309950, 257086, 150802, 400809, 988645, 345949, 635675, 685705, 479274, 278740, 267051, 828732, 136516, 936838
788574, 962851, 548782, 519985, 558610, 411196, 830325, 194125, 303699, 369503, 874316, 236321, 600323, 426952, 160673, 997224, 379719, 882127, 721998, 380730, 641679, 656868, 297070, 766822, 746975, 991712, 945021, 789638, 287322, 866337, 653460, 827642, 932877, 288162, 537711, 122832, 939865, 869790, 422092, 657092, 658900, 487096, 302155, 876440, 736991, 273405, 306828, 129618, 498714, 961705, 611641, 130628, 455568, 980263, 427234, 599586, 646161, 596994, 178194, 517825, 293342, 396571, 878013, 870132
723890, 125084, 622603, 151845, 137767, 510468, 684742, 546798, 522556, 114940, 561102, 550838, 478400, 615022, 664552, 605951, 927961, 562608, 369135, 434462, 530403, 227592, 174804, 455124, 411128, 889965, 882635, 898325, 870240, 240491, 663482, 272013, 714232, 748587, 338594, 302965, 917916, 467035, 751137, 786430, 558901, 529582, 271433, 418857, 965319, 390024, 204921, 491580, 135863, 632711, 168435, 996068, 557618, 619899, 487227, 384099, 247561, 796713, 653353, 167843, 204155, 667996, 257295, 297714
916840, 632167, 512719, 956265, 328061, 190974, 724508, 615667, 449934, 110370, 281191, 779434, 949662, 871812, 764137, 543464, 158716, 301392, 336209, 259682, 434077, 336931, 484594, 851022, 894798, 698183, 554765, 441970, 944382, 105284, 102532, 451263, 259971, 182790, 326430, 313152, 732655, 172951, 119296, 109748, 427694, 783250, 301252, 900953, 217395, 584254, 127166, 386584, 345866, 413184, 468272, 343634, 999546, 367973, 514279, 667865, 172725, 622248, 559445, 415596, 402960, 131397, 471260, 772115
535055, 985249, 884476, 680356, 815153, 469009, 237300, 757511, 831987, 372885, 875915, 724747, 695556, 146445, 226022, 502397, 847881, 745650, 162906, 497808, 259999, 249196, 323559, 719338, 164950, 492968, 158366, 205403, 133023, 837889, 662900, 577376, 446259, 434091, 958895, 869692, 321012, 498636, 116862, 475600, 755795, 446082, 849178, 740243, 169148, 690165, 241689, 853892, 921235, 502753, 456068, 827774, 648503, 792595, 863591, 493059, 359912, 368791, 892469, 819854, 107092, 433469, 946306, 611544
116041, 682922, 870514, 409530, 627832, 605742, 722430, 717383, 997482, 912496, 304399, 365297, 669642, 954077, 765451, 461545, 560920, 141381, 777591, 748508, 876964, 708984, 894367, 262120, 883105, 216913, 606881, 905022, 185025, 979705, 999188, 149140, 960933, 848613, 724775, 997173, 526115, 113154, 883434, 788725, 938101, 245944, 260010, 850623, 892902, 391849, 313301, 338086, 381415, 149193, 788213, 843290, 416960, 324442, 442325, 955094, 449249, 282650, 964710, 484042, 921286, 441993, 231209, 774097
788570, 492569, 416800, 907987, 374573, 506271, 915046, 554980, 382053, 267073, 906740, 737904, 744662, 447364, 411294, 934835, 185239, 394429, 590953, 487181, 267311, 122644, 563888, 737410, 345579, 754017, 768413, 213083, 495691, 725206, 280268, 681491, 202815, 333100, 973401, 315518, 605504, 186073, 549354, 503802, 898325, 726627, 298997, 304941, 780593, 965185, 959290, 303063, 734887, 847007, 144004, 944009, 420922, 114699, 429833, 608455, 106855, 453205, 114910, 398618, 929958, 182138, 991538, 540784
632541, 742546, 923519, 271284, 629064, 368382, 116223, 110331, 916878, 590545, 625632, 726255, 742942, 396102, 196541, 997815, 899306, 391930, 376868, 168377, 934359, 605219, 991773, 305795, 460278, 601248, 298706, 711946, 260186, 819543, 552847, 322746, 151254, 880262, 785949, 329132, 541384, 994459, 898230, 304389, 613427, 659511, 657364, 235457, 535729, 957714, 513737, 865715, 601916, 885106, 867693, 319128, 293864, 725639, 187349, 686251, 976606, 515222, 410425, 649347, 120609, 536527, 292395, 718651
520782, 407058, 556365, 720483, 237438, 731884, 916624, 180936, 972639, 730807, 903383, 145778, 164030, 111614, 742788, 997223, 486370, 350678, 996739, 986206, 123996, 997329, 956304, 637745, 786920, 170312, 201627, 598185, 531967, 455153, 455832, 150542, 922629, 104591, 661346, 449954, 298291, 198051, 449114, 394142, 470120, 356792, 537803, 110161, 593563, 259337, 153720, 849352, 339006, 605111, 826272, 432760, 261483, 353619, 881210, 603965, 953755, 345812, 343752, 220830, 763197, 412896, 508618, 369029
763341, 896006, 598766, 889302, 346244, 625576, 686784, 554121, 894428, 322957, 501718, 439962, 433157, 235806, 238740, 321386, 404945, 391258, 577180, 125889, 747757, 177473, 514155, 338283, 675509, 943246, 725014, 110552, 139541, 272621, 837881, 288001, 789493, 396424, 356759, 623216, 937528, 514200, 444736, 735349, 480945, 768211, 923644, 124108, 749232, 326878, 494159, 875509, 582126, 650629, 785626, 629411, 879600, 966808, 355980, 361715, 315324, 398261, 558696, 163641, 776756, 709590, 687723, 959570
669254, 517559, 159326, 229340, 198882, 131757, 289587, 478086, 583890, 413533, 805277, 875075, 668160, 288176, 687537, 179835, 374761, 269307, 707257, 111216, 945927, 760473, 856789, 237256, 741890, 679082, 876307, 494756, 431781, 948827, 300452, 498321, 314369, 863330, 710506, 926974, 259646, 144759, 954775, 953096, 703330, 244344, 607187, 383576, 618201, 414819, 942920, 329244, 780509, 975618, 253444, 269299, 504905, 289255, 274750, 732949, 416057, 889469, 471764, 915487, 377008, 380702, 881972, 531077
580972, 254490, 263687, 156355, 157807, 242601, 862876, 430141, 444098, 440468, 649461, 430528, 492163, 283053, 360909, 681329, 405472, 127201, 341534, 856234, 747906, 106648, 914145, 810849, 697298, 960629, 660462, 653655, 540771, 451096, 194989, 964268, 407650, 292215, 605256, 608378, 697073, 217535, 746581, 396767, 694813, 299395, 325149, 698745, 932010, 622303, 993538, 772193, 457008, 922879, 883067, 358721, 950494, 711121, 183905, 711384, 443247, 113998, 296785, 455781, 786433, 353882, 289564, 315341
919278, 433583, 220171, 153515, 735806, 272504, 921694, 180549, 162071, 801379, 408941, 950184, 555592, 233427, 912321, 432328, 731494, 303601, 310035, 881016, 962538, 512379, 168453, 395835, 395898, 720593, 949670, 858835, 324429, 932912, 275350, 384141, 280379, 690020, 113595, 354384, 154255, 568671, 610925, 521696, 292350, 699611, 284698, 941375, 580488, 780441, 749170, 970838, 528741, 836231, 356476, 619452, 964082, 157659, 261068, 500967, 769601, 190630, 738776, 318909, 820409, 173821, 785477, 822154
826354, 685485, 880386, 923058, 838802, 771586, 867819, 854226, 875988, 281610, 672856, 838885, 596945, 911426, 930147, 671110, 667122, 677757, 879538, 270670, 254883, 369333, 113799, 864291, 652268, 299897, 533729, 136772, 427910, 630259, 841495, 309800, 938809, 467493, 182297, 891623, 873298, 127490, 584820, 166488, 912472, 546153, 263756, 907102, 413504, 613234, 730159, 686886, 790420, 251085, 571153, 927617, 235245, 871774, 407258, 569883, 436492, 381393, 582572, 393251, 116054, 155079, 588129, 404573
570770, 157973, 876669, 335571, 458994, 492090, 618472, 246949, 353767, 741292, 963518, 522734, 181687, 528863, 893037, 472743, 131563, 698519, 654855, 105629, 349607, 197318, 105379, 311544, 563800, 963527, 164659, 552819, 135371, 205142, 706483, 442960, 848981, 194325, 887924, 512155, 934622, 966203, 779114, 207413, 658190, 835219, 613901, 433043, 219818, 606678, 493132, 573060, 720144, 332914, 992580, 980733, 212001, 380767, 617902, 288349, 836739, 985737, 670558, 352814, 215396, 625784, 495180, 497172
660062, 946657, 995492, 598859, 771002, 207709, 220474, 323594, 175112, 113995, 748877, 183402, 911321, 679780, 881061, 803735, 150599, 314483, 236094, 166184, 822974, 675035, 445377, 173915, 939699, 996755, 664384, 420914, 474622, 637260, 613449, 986263, 306753, 877963, 426894, 734798, 884694, 581244, 346015, 187138, 747621, 203320, 745554, 837478, 402940, 280577, 879826, 764901, 502737, 294953, 586989, 966554, 197066, 621890, 804247, 673881, 822090, 371289, 155173, 686045, 838389, 347642, 586520, 145193
169529, 222080, 287556, 605864, 532535, 343647, 385729, 166041, 791954, 650194, 498958, 412684, 347603, 573648, 439735, 493054, 233087, 564032, 424606, 242124, 801543, 210136, 831037, 422515, 222057, 935092, 464688, 787662, 782875, 259856, 802966, 956309, 928348, 795013, 602907, 768643, 382622, 562711, 110786, 559187, 416033, 446325, 132343, 286457, 940062, 310554, 272384, 694548, 577637, 219540, 335963, 590778, 138670, 521489, 525076, 656979, 209092, 499198, 255834, 124891, 219019, 310411, 953892, 421399
149920, 685597, 401823, 397642, 917104, 100445, 176499, 593926, 232050, 375222, 390446, 610099, 620642, 419851, 585774, 811047, 427605, 860296, 372497, 122194, 282285, 870315, 270482, 827089, 731267, 205821, 892973, 467790, 332344, 343959, 902636, 751965, 638357, 819485, 337476, 235572, 413233, 963984, 601124, 588394, 542179, 848381, 132523, 225467, 132704, 881695, 946015, 710815, 524210, 737179, 883632, 444638, 255065, 378567, 794201, 770763, 462419, 177054, 946665, 979767, 884067, 811061, 981324, 814962
676577, 574359, 120040, 106176, 251854, 218046, 285663, 195919, 540942, 395110, 221953, 875671, 679122, 741429, 658418, 648247, 139188, 667485, 646378, 292016, 345808, 282633, 624625, 520878, 929450, 145805, 298243, 869939, 646923, 878831, 592301, 436559, 382012, 993071, 490790, 343792, 570211, 129690, 630975, 351391, 796575, 682464, 484752, 576978, 705513, 607369, 575897, 567152, 790028, 958597, 838342, 895025, 125968, 521275, 662450, 316768, 962038, 451230, 145203, 744783, 812308, 603836, 547604, 760109
614459, 664432, 599620, 226376, 590324, 403873, 362523, 268579, 647228, 995504, 478830, 634110, 305911, 957251, 958310, 456139, 677458, 306249, 391660, 949423, 471381, 905426, 920646, 408781, 637734, 684191, 327755, 415471, 405375, 891319, 404327, 500245, 994887, 506441, 736417, 749412, 263982, 176888, 736906, 491074, 581487, 521860, 406843, 765279, 310903, 176394, 370698, 387744, 411835, 406226, 203795, 806780, 306011, 218985, 346087, 142864, 632633, 630994, 636943, 438129, 753364, 261273, 642108, 900985
920040, 310868, 794320, 827647, 118543, 577439, 414271, 925074, 596408, 666009, 911537, 752949, 432829, 682062, 150643, 409301, 392698, 256002, 240675, 446351, 168426, 987786, 935701, 342244, 552142, 458314, 480905, 931572, 665319, 422985, 982494, 253470, 756970, 433800, 822576, 920763, 204231, 845215, 330816, 425503, 302591, 981962, 870366, 923019, 161896, 479595, 211993, 352076, 524632, 166157, 867158, 801962, 982368, 751320, 775501, 247394, 996641, 997587, 759060, 354363, 493920, 894596, 212476, 829704
497936, 460607, 491174, 194000, 945416, 685904, 697065, 228986, 839600, 140728, 837132, 853207, 241333, 386422, 378327, 333419, 487038, 181742, 147093, 325951, 402718, 556884, 560854, 770683, 885201, 451705, 658222, 937855, 338280, 322498, 378768, 185170, 316895, 519495, 764901, 598047, 216497, 573967, 418852, 199195, 598218, 953458, 169372, 573949, 327693, 640991, 789261, 193137, 922827, 307107, 486948, 737183, 974977, 402701, 802542, 528869, 518482, 122310, 421796, 839121, 400412, 801187, 913098, 879848
791119, 143502, 318582, 299122, 346547, 156898, 269536, 483180, 903638, 295679, 791263, 764419, 941337, 130953, 324964, 112182, 910993, 785434, 600589, 296206, 957673, 265698, 494248, 472929, 635480, 693645, 975649, 269911, 574131, 771048, 448295, 830663, 368390, 795798, 182400, 668346, 616603, 637692, 255228, 686125, 541383, 232268, 858693, 447354, 570933, 500680, 193290, 484321, 315942, 408181, 381225, 354485, 814328, 327874, 778676, 137679, 893817, 627834, 306172, 395771, 194287, 659917, 490014, 889333
125134, 994650, 502347, 162748, 941318, 354190, 566481, 576775, 148845, 454218, 724588, 631084, 890674, 546650, 302483, 747485, 753460, 699111, 571390, 614542, 755417, 256977, 333003, 941762, 473288, 533524, 711482, 847583, 338293, 326774, 679823, 657692, 247340, 619216, 255889, 989829, 716936, 103954, 116702, 920724, 241672, 316747, 490820, 997404, 887409, 510293, 501541, 597211, 831107, 546636, 218904, 332963, 114373, 827571, 579162, 180151, 383591, 602982, 926536, 570171, 457944, 832322, 969878, 162241
971348, 819036, 375020, 823998, 945848, 783536, 292807, 851639, 592800, 817087, 949176, 746854, 124551, 849802, 765173, 922666, 820672, 657903, 639296, 256725, 679703, 676441, 902398, 301721, 476429, 642424, 967020, 841810, 217415, 526796, 529608, 271274, 166032, 391048, 667563, 757533, 583521, 838219, 672634, 665518, 966190, 618557, 895492, 221308, 495884, 338225, 139621, 723892, 440513, 729355, 101789, 243664, 244717, 521532, 581615, 460768, 407591, 656938, 273113, 657513, 371101, 616634, 672162, 518414
792912, 137317, 472400, 857445, 455112, 167936, 427362, 898920, 649587, 620226, 126119, 417959, 474407, 199216, 478151, 687384, 817468, 480172, 895631, 435408, 794431, 751367, 671500, 218950, 294782, 514020, 144321, 983177, 744678, 512399, 607599, 911815, 357794, 751624, 496469, 226726, 414869, 650355, 371435, 909270, 147268, 465357, 345606, 321885, 523920, 970655, 186388, 568186, 331996, 491456, 577914, 560470, 822837, 883280, 825270, 159817, 655121, 721714, 974486, 907301, 669128, 881358, 438207, 272008
257706, 659725, 636705, 584999, 176250, 266000, 926421, 510094, 142164, 725771, 449000, 150057, 451440, 184679, 188512, 500448, 373821, 434453, 356324, 147785, 779600, 846988, 883034, 106835, 112508, 644056, 147276, 972743, 852916, 411093, 281584, 100274, 871195, 400386, 533490, 775411, 105670, 322956, 189334, 508465, 134989, 669848, 149191, 230727, 273561, 833929, 810050, 421111, 725541, 223391, 977957, 529284, 440809, 842554, 382910, 749323, 920281, 161472, 655810, 515668, 227919, 469853, 723265, 516401
279757, 406972, 155342, 790070, 341596, 657018, 753064, 262713, 333162, 269043, 884425, 485628, 459142, 957957, 181445, 551262, 965549, 365729, 378603, 393744, 850091, 132821, 411361, 191548, 665908, 141500, 747336, 527472, 942346, 902458, 625521, 392605, 521482, 175916, 119710, 461214, 157068, 520170, 392728, 316288, 664905, 169688, 540954, 160776, 915837, 229914, 720075, 899551, 435078, 791223, 710060, 260776, 471107, 248597, 940119, 219546, 475169, 904117, 985708, 567977, 662078, 730584, 477375, 464681
610331, 743564, 131674, 997239, 200347, 458069, 358801, 350448, 190416, 543613, 509185, 543529, 274937, 659474, 944218, 110868, 127545, 696576, 989099, 832113, 976110, 834327, 989639, 370824, 421733, 782593, 366015, 457188, 575525, 145651, 385111, 553541, 878722, 621017, 134940, 636600, 588948, 420749, 961184, 643691, 562260, 578908, 250854, 729191, 985854, 988954, 886442, 393277, 836885, 982540, 664973, 119388, 442384, 110929, 783823, 347130, 968964, 957390, 559432, 708785, 825628, 520880, 509283, 982520
363741, 975535, 763634, 690605, 394560, 203276, 343404, 326958, 790065, 870526, 720897, 422348, 856813, 795071, 476712, 885020, 373553, 840096, 327005, 260002, 840880, 249493, 406370, 287900, 542694, 302200, 313046, 502057, 165101, 963675, 434800, 904845, 546949, 816325, 482153, 831072, 919362, 710361, 898938, 595636, 772244, 493370, 681761, 454810, 344317, 989819, 288177, 304809, 606694, 244845, 725542, 225066, 307970, 989620, 330157, 936728, 894081, 947260, 421485, 627255, 962299, 817868, 103700, 574062
875303, 267957, 916475, 756038, 130482, 727013, 602727, 195627, 689665, 616866, 148686, 497850, 307013, 878122, 579280, 974527, 748621, 192886, 390447, 602674, 257844, 987174, 775772, 129553, 900717, 924686, 971173, 554290, 983314, 594424, 942355, 568275, 277087, 938629, 405255, 629020, 179409, 648425, 418080, 883236, 511577, 345198, 543141, 634109, 609160, 344868, 782466, 737982, 728508, 760523, 635067, 397987, 111877, 855726, 546495, 875689, 706616, 895819, 356384, 956069, 711271, 300036, 394750, 613850
454344, 724266, 274212, 243098, 323223, 875661, 609708, 793137, 882390, 631304, 776717, 362544, 246567, 706433, 733576, 209394, 644387, 742365, 428230, 265217, 335459, 293788, 215148, 472454, 549840, 488036, 811809, 424109, 673327, 730181, 533951, 919027, 290208, 247631, 236460, 773071, 306432, 398221, 245859, 427992, 489678, 989624, 824442, 895777, 685859, 512305, 974125, 854327, 122834, 320935, 414755, 217817, 539052, 214693, 673734, 806369, 274884, 997676, 731575, 645552, 887601, 877232, 835055, 743627
290218, 941919, 894708, 796724, 851450, 265626, 220843, 779390, 541153, 334942, 812777, 699881, 982134, 409367, 192645, 431524, 378729, 564365, 163501, 211739, 979360, 617413, 921107, 635431, 682176, 321853, 923342, 678196, 621712, 519395, 960627, 778885, 518559, 466731, 932664, 226571, 333608, 217439, 411565, 315766, 512379, 220117, 413116, 524041, 884546, 956266, 361837, 902239, 183667, 717137, 616209, 865429, 452320, 357688, 182590, 405963, 242123, 896829, 847354, 703780, 955395, 730547, 381497, 240819
458356, 162883, 231493, 412197, 675529, 232707, 983109, 638344, 742041, 916194, 987804, 169799, 369903, 820739, 754541, 904483, 499366, 382600, 316740, 847395, 489330, 558008, 497112, 997369, 691011, 678613, 865845, 343167, 424519, 903627, 434354, 363792, 858430, 180084, 812969, 502311, 203435, 503250, 638475, 393514, 599300, 670276, 322348, 582893, 960981, 625108, 781762, 986575, 942900, 497650, 214122, 318914, 553076, 784522, 574826, 806040, 802832, 266848, 322276, 856717, 780146, 228197, 962076, 997889
910836, 231348, 778303, 511891, 469904, 624532, 397269, 976228, 988653, 990124, 151015, 701319, 923324, 178002, 533575, 815171, 890360, 690912, 103182, 181543, 618254, 329877, 186086, 305931, 329140, 765049, 854911, 866337, 209410, 359584, 925931, 290174, 475340, 928539, 161044, 947020, 721673, 638936, 385423, 673867, 498910, 281012, 927526, 758074, 601080, 586619, 450395, 935910, 700480, 221044, 965451, 641394, 853439, 627792, 970058, 253362, 521157, 182431, 723956, 479537, 123264, 835094, 710115, 813951
683512, 571674, 687683, 491967, 135014, 342565, 255344, 344817, 568787, 926470, 256253, 178577, 195126, 395472, 145746, 356995, 815360, 137725, 787867, 171696, 746175, 396502, 807103, 714827, 319596, 954830, 722250, 328124, 118667, 744823, 562173, 958443, 140125, 308279, 865464, 736255, 280813, 852607, 288312, 381616, 497747, 443674, 117108, 193233, 348094, 928557, 964834, 345781, 862091, 160169, 962936, 745009, 201071, 966385, 422279, 980114, 625350, 870455, 148348, 846427, 388356, 114047, 899747, 333457
347755, 213969, 240821, 988172, 622064, 179274, 556541, 900596, 158826, 599346, 362174, 612473, 982904, 591307, 350435, 760475, 938930, 153738, 581405, 527524, 995741, 966729, 719080, 748119, 559354, 456000, 970765, 778451, 665675, 104471, 461607, 817216, 234729, 388611, 953685, 282704, 126579, 263389, 935978, 637865, 588011, 677428, 826990, 507583, 908403, 905898, 500785, 581729, 199202, 519662, 569785, 988625, 830969, 348671, 836874, 869915, 335511, 397896, 364769, 153620, 176634, 521364, 824096, 762771
416606, 569619, 749484, 922423, 889631, 575863, 177816, 563089, 409709, 744828, 917867, 709562, 292883, 802241, 915840, 460409, 820097, 958769, 363602, 624494, 879660, 205356, 656560, 620930, 296357, 476292, 575514, 114544, 860696, 262523, 231602, 488541, 398123, 916553, 299122, 612708, 524717, 352676, 604809, 845418, 996623, 129109, 172893, 432302, 511604, 599740, 425589, 522120, 581133, 470877, 289059, 474043, 825848, 406637, 524341, 944026, 548539, 228200, 154209, 137996, 534584, 968856, 269112, 823706
220252, 584602, 463074, 904223, 985944, 848641, 291249, 238325, 678935, 671576, 875082, 723764, 383197, 503729, 492930, 151290, 498030, 122224, 929655, 982331, 482063, 429645, 346688, 319633, 807063, 766519, 824649, 378893, 894659, 966096, 162744, 458152, 635851, 477859, 177655, 276687, 907143, 145498, 115996, 303676, 417277, 923537, 185527, 162887, 878607, 214565, 239052, 286868, 784183, 476994, 414203, 472590, 857311, 877448, 594773, 415506, 366520, 471047, 322735, 500678, 463318, 986072, 418667, 327646
978385, 563596, 284570, 935939, 685378, 575401, 500143, 982898, 635111, 767509, 586221, 965776, 605765, 406383, 114047, 279708, 371465, 973060, 202807, 509663, 221061, 694927, 766314, 645404, 764892, 448365, 270293, 632083, 692013, 946342, 587838, 482938, 391546, 831075, 843922, 772899, 671543, 552132, 675833, 348311, 870154, 665809, 308284, 229512, 977466, 808943, 169158, 954710, 544107, 660059, 317893, 529377, 997708, 255857, 279561, 833015, 705489, 106580, 157841, 996931, 944029, 143834, 507944, 510324
634717, 491865, 554714, 997439, 601120, 592192, 522385, 552757, 203268, 366002, 845465, 130328, 823450, 631362, 781502, 406694, 910638, 995675, 554939, 773553, 790544, 408957, 497495, 445662, 749972, 811634, 140246, 982029, 271420, 549959, 102593, 247196, 308233, 785644, 288341, 768658, 968364, 101931, 772176, 253687, 942121, 191214, 853115, 597700, 607692, 323416, 476514, 933102, 770235, 447797, 831652, 104685, 421820, 635710, 412236, 701768, 219040, 745116, 132985, 225627, 119163, 819639, 258637, 900118
651658, 139191, 371792, 654212, 532366, 139498, 823700, 362166, 789893, 919141, 290060, 691841, 497656, 361520, 386209, 155449, 971115, 545971, 397769, 568057, 688460, 988831, 363538, 714713, 894765, 165940, 164940, 165868, 401471, 668548, 571360, 854692, 813356, 635248, 196610, 378840, 289315, 480905, 415137, 723707, 896123, 210875, 596693, 504933, 833653, 356640, 107838, 460020, 469644, 591147, 299352, 789826, 146235, 461619, 694277, 999994, 125024, 763761, 597901, 670460, 367378, 658113, 909719, 423143
252261, 458067, 852642, 931828, 705180, 731026, 611208, 649138, 701461, 185138, 877831, 282591, 899281, 265660, 919851, 299760, 722823, 604183, 539308, 129034, 950522, 756769, 359728, 578151, 951248, 270737, 143226, 649247, 491037, 871182, 208158, 816490, 957160, 623679, 318241, 591932, 772091, 245840, 755529, 444576, 749896, 943473, 245513, 212527, 300553, 813805, 536736, 331803, 297198, 490650, 603119, 341264, 249401, 531623, 885735, 474790, 810011, 809857, 890586, 409230, 156209, 817244, 844736, 637536
311283, 317960, 798286, 825607, 225707, 234955, 590138, 216241, 560484, 476919, 754362, 861542, 489064, 187632, 629348, 395624, 253257, 186556, 932635, 813354, 677968, 341112, 883615, 359308, 636395, 354059, 210995, 928931, 673891, 160049, 636916, 889234, 567564, 414485, 678547, 282846, 419093, 555362, 557731, 280685, 291395, 611994, 304643, 199363, 351425, 123019, 672610, 232588, 771167, 183011, 845510, 161657, 101303, 706060, 394484, 666552, 748315, 112146, 390382, 525847, 498565, 679721, 723040, 122559
584524, 367951, 736141, 447869, 352938, 147730, 801954, 447345, 105509, 345126, 788822, 788288, 492620, 195822, 777099, 898627, 402672, 349086, 749397, 806066, 566840, 488867, 658164, 227227, 975515, 202142, 278762, 215727, 417595, 606714, 268529, 349590, 124869, 397593, 206283, 286642, 644926, 325158, 462797, 350783, 828002, 884871, 134656, 645349, 219506, 707833, 202255, 797318, 427289, 796165, 286665, 202144, 754105, 264596, 573803, 341437, 738036, 874658, 344735, 118028, 774983, 358394, 214087, 285281
349212, 986132, 649420, 273153, 694069, 383972, 392146, 563923, 820073, 734136, 606404, 208773, 633825, 891310, 132427, 140803, 792556, 861421, 994471, 678949, 800548, 232263, 175251, 366114, 603002, 970603, 534752, 571421, 893188, 555181, 688521, 263465, 140857, 216090, 174786, 603390, 613145, 359581, 425331, 369732, 331838, 686421, 880951, 601807, 926471, 543904, 824607, 221903, 195406, 941810, 482045, 667185, 405218, 186280, 104426, 582584, 494419, 737963, 697627, 190580, 437267, 618880, 875359, 454907
811305, 772145, 855835, 503837, 282399, 726949, 853674, 434357, 886443, 983468, 456918, 729020, 272030, 638199, 842247, 605457, 596269, 487154, 773191, 445495, 917358, 466130, 766547, 665308, 285705, 281326, 914274, 802865, 545899, 874969, 946523, 616533, 325922, 630202, 721969, 198589, 340685, 568900, 275411, 580546, 317051, 727619, 472407, 452895, 175013, 247730, 713451, 113093, 108694, 812576, 857427, 561798, 149462, 128821, 450796, 686507, 288050, 946408, 541703, 922494, 225788, 226287, 817284, 855404
291006, 638312, 686403, 945966, 472995, 396992, 506516, 405802, 345356, 908049, 336531, 440467, 970851, 426065, 894658, 549780, 280017, 302822, 309695, 511931, 603931, 587987, 642432, 292260, 698199, 208855, 374134, 661135, 635423, 510153, 437597, 521259, 858647, 680658, 850999, 287801, 971508, 350268, 922801, 658294, 633699, 713436, 283123, 594837, 919634, 441853, 357536, 565557, 910576, 451379, 538827, 902512, 246112, 978255, 558633, 686835, 637024, 841287, 952985, 843480, 567096, 909751, 837637, 206965
961758, 161677, 121638, 196640, 169243, 775377, 974534, 753604, 199364, 704663, 650496, 564384, 174418, 971404, 764173, 401526, 841971, 270773, 517674, 185609, 968030, 314223, 482294, 368726, 161041, 340490, 584384, 748011, 887762, 775502, 423206, 917420, 507876, 578523, 342502, 501271, 645884, 115906, 566207, 859595, 864477, 255184, 782059, 726019, 635697, 931818, 168230, 678098, 955792, 429419, 296098, 349107, 900278, 500750, 160538, 302658, 376945, 383839, 892978, 641027, 414882, 581338, 303946, 482575
190100, 843060, 152153, 278162, 648912, 350092, 690242, 304319, 918034, 447306, 452629, 158130, 105293, 456467, 232160, 669560, 536946, 838411, 709215, 403047, 678092, 483169, 532089, 993934, 343921, 774562, 743372, 536179, 576920, 772267, 698726, 755312, 710783, 931222, 779216, 231679, 641317, 432430, 690585, 250776, 612548, 652663, 878909, 649925, 372137, 306891, 527310, 378916, 333791, 583460, 356546, 144399, 467380, 202152, 606687, 154314, 611223, 452014, 342840, 598841, 202701, 651609, 753756, 763371
