706846, 216026, 659795, 285651, 981843, 241345, 676118, 258370, 584905, 332317, 865567, 550987, 382829, 677806, 316910, 467204, 131289, 364533, 807932, 240853, 231566, 934517, 683874, 810787, 980138, 352363, 638210, 189456, 819272, 391637, 273747, 661770, 980765, 913498, 222359, 206425, 741220, 548776, 146974, 614838, 127383, 666111, 503146, 335719, 903035, 275097, 875600, 502686, 997336, 777825, 823917, 236333, 102250, 772218, 423508, 360030, 560529, 897988, 674255, 662846, 452772, 799821, 542207, 519530
628789, 823087, 361949, 943940, 135730, 923876, 936206, 711146, 662814, 848543, 671517, 661550, 663674, 129971, 912019, 248680, 888401, 367391, 298167, 311830, 374500, 719686, 304566, 226261, 586731, 839451, 585106, 464497, 510356, 792827, 730984, 943363, 305544, 925309, 495301, 879852, 238590, 730107, 266856, 511994, 285276, 857621, 894103, 933510, 189660, 929893, 191715, 467521, 816176, 930385, 300475, 884177, 690821, 546388, 726732, 523602, 566225, 906613, 636766, 755381, 775386, 149254, 592436, 393270
650287, 960654, 492354, 486955, 522269, 416307, 480926, 313555, 481358, 277515, 750978, 693502, 676600, 246056, 854349, 379284, 984989, 511364, 674128, 463061, 704551, 145847, 549556, 868748, 702616, 845397, 101725, 197392, 458051, 887421, 201576, 845513, 708571, 677481, 644254, 408865, 276998, 646971, 580582, 639483, 262139, 714351, 546968, 460112, 851386, 702994, 669168, 936271, 798948, 432133, 572608, 651677, 275717, 724197, 889916, 770723, 842415, 592572, 616706, 991540, 209433, 646103, 940928, 608283
304767, 258276, 550634, 367041, 871678, 862539, 134724, 363847, 359241, 562522, 621461, 301230, 437604, 845453, 795471, 116078, 153456, 934608, 687633, 959661, 867421, 621488, 652946, 738914, 103216, 205376, 721730, 356008, 599207, 787553, 596119, 257301, 607337, 102698, 714716, 759388, 112145, 459930, 909550, 305628, 546993, 919917, 735233, 876931, 698596, 324103, 998038, 593307, 202780, 831566, 121851, 837516, 915845, 372659, 520856, 670043, 282783, 823432, 207717, 569705, 470722, 575764, 351812, 902815
163557, 880314, 997067, 218404, 548520, 412338, 369233, 918238, 784995, 496266, 647296, 578982, 537801, 571312, 936095, 383206, 778549, 613023, 201421, 781945, 160458, 446938, 655110, 945130, 829108, 663726, 724045, 102987, 427800, 343214, 219423, 296364, 784451, 451835, 167278, 634194, 796482, 992231, 743642, 902878, 795252, 509959, 774092, 886730, 616801, 808702, 550565, 378753, 830836, 233124, 807522, 515862, 139510, 638349, 239984, 471563, 620686, 246420, 451374, 330058, 720471, 694580, 583023, 942451
392808, 932477, 103206, 239394, 875248, 913352, 195480, 758891, 822676, 795058, 562514, 141328, 379546, 771375, 575748, 803087, 175632, 871148, 424728, 114471, 687225, 571530, 701007, 512289, 408976, 687665, 488954, 890646, 891769, 739206, 838020, 567720, 244151, 632251, 505815, 989643, 398709, 924723, 735575, 299547, 377901, 799985, 329653, 297999, 711966, 283998, 694434, 376072, 248538, 444518, 494309, 409891, 105903, 832455, 101033, 350175, 299813, 382176, 344910, 743610, 586505, 442862, 127698, 738541
226543, 212387, 138549, 491310, 738724, 403827, 810662, 401881, 316459, 473698, 364798, 973980, 335186, 942526, 191227, 238055, 439771, 785776, 854700, 920384, 274916, 618260, 535983, 579206, 216384, 644588, 374880, 370054, 366627, 578963, 227021, 365236, 140921, 444703, 328515, 275637, 870436, 427123, 792927, 658043, 871708, 516561, 609088, 484311, 424465, 970126, 138269, 283196, 945867, 968876, 391758, 719350, 613995, 423744, 743141, 238527, 137987, 793339, 130735, 788218, 375049, 340289, 491675, 454006
839774, 366640, 672335, 327373, 755718, 726238, 223117, 229475, 751384, 998525, 120104, 100196, 763869, 291850, 433411, 894298, 789168, 422259, 708665, 531004, 758689, 633708, 263982, 727042, 963538, 876983, 539399, 724167, 930916, 715162, 544447, 251445, 314423, 581818, 292951, 684770, 240699, 340029, 545393, 431719, 687132, 898536, 491950, 683520, 418800, 974521, 839659, 109609, 518060, 490842, 683119, 504584, 416441, 581639, 471222, 584894, 472222, 874415, 503280, 830429, 518837, 349443, 966612, 825797
113561, 777302, 709982, 572952, 593509, 962775, 357456, 877154, 805222, 621000, 616540, 292281, 482036, 851196, 180124, 554569, 157206, 364663, 700340, 122676, 215622, 316399, 162995, 736975, 702973, 511506, 296535, 263362, 209150, 395242, 925143, 836238, 975936, 820135, 311782, 589000, 643095, 179040, 227894, 965000, 739882, 831667, 686239, 682701, 741233, 466085, 454987, 804861, 226901, 711875, 931932, 771169, 944135, 560688, 893802, 875036, 893965, 163041, 898178, 355160, 194135, 885080, 932723, 376695
930201, 314449, 929522, 443881, 615462, 476312, 968788, 543214, 430658, 456976, 291691, 761270, 878292, 807464, 390935, 359164, 502987, 328531, 633457, 437989, 825349, 166478, 592544, 376230, 396198, 547093, 820810, 812890, 603883, 372021, 415903, 111616, 276137, 334000, 741533, 989558, 763247, 182672, 195770, 660512, 879614, 534936, 521510, 286300, 791398, 376435, 628855, 249844, 447267, 489390, 108449, 602557, 437483, 710937, 636477, 144489, 647169, 897701, 397031, 298365, 727912, 975356, 616908, 539364
208129, 363817, 699804, 442613, 688897, 265244, 426249, 920339, 505784, 779678, 770525, 417023, 421648, 453035, 605852, 631113, 806876, 191731, 255600, 567113, 310675, 407154, 801037, 987114, 525160, 725795, 944458, 455940, 491441, 719532, 666553, 839951, 173391, 466327, 191837, 678489, 525283, 803920, 386480, 326738, 901976, 304820, 307983, 962383, 376775, 665322, 364434, 766992, 527625, 715269, 434579, 570144, 730242, 286962, 482374, 128765, 141330, 688270, 405955, 862824, 993401, 559361, 729347, 773216
839243, 891086, 830019, 320928, 273084, 812104, 893057, 610842, 449994, 395072, 138394, 632033, 977887, 801127, 898512, 450438, 629441, 245524, 814680, 951618, 856321, 943889, 710238, 748577, 800938, 538592, 876092, 373712, 448185, 485885, 535601, 888964, 416526, 467838, 391968, 353688, 627107, 315234, 878913, 668842, 486852, 900105, 949300, 969812, 594707, 567957, 156410, 468235, 429814, 887775, 467615, 403658, 737395, 849264, 685036, 895181, 680306, 893527, 825172, 347628, 823677, 492208, 440861, 828552
597548, 770764, 140010, 742501, 274238, 342816, 184398, 787202, 460722, 167210, 505660, 675971, 766738, 868622, 831227, 518389, 513440, 199272, 291982, 680935, 636843, 824199, 197562, 805418, 745109, 267650, 886583, 192928, 495634, 580408, 580911, 375870, 671241, 143364, 276326, 869915, 336453, 280417, 467614, 776720, 547566, 984487, 864552, 880485, 345161, 338689, 568390, 934925, 671440, 165108, 409862, 637803, 286481, 882186, 462274, 396549, 523856, 458549, 101863, 679775, 763112, 797275, 686430, 548879
195255, 666512, 893327, 770928, 610354, 334233, 190244, 899733, 837949, 454744, 784445, 148881, 651700, 733723, 256645, 662708, 153995, 699474, 602262, 574695, 731125, 821057, 165690, 596579, 919665, 332951, 200424, 647061, 829137, 495879, 444307, 715996, 941145, 795604, 493122, 656473, 631779, 810381, 417843, 305695, 446530, 574328, 345949, 127014, 392692, 525615, 841369, 334920, 762746, 178884, 654271, 779310, 328817, 789947, 979805, 154490, 955375, 900437, 537062, 650207, 135693, 640643, 742701, 451769
362424, 420947, 324596, 714790, 441010, 237870, 105838, 320538, 905083, 803472, 484258, 693359, 984306, 123474, 637632, 761144, 282981, 413693, 240221, 564557, 358120, 179520, 547465, 522579, 648132, 192090, 181860, 864631, 273045, 185266, 529505, 471726, 146569, 970526, 916269, 820609, 805274, 116490, 254475, 792518, 131219, 450948, 848230, 278210, 707415, 436333, 914755, 172473, 505279, 372916, 469381, 363083, 775246, 722420, 522909, 858181, 562739, 630970, 356904, 644102, 973950, 498186, 855403, 451426
369139, 618533, 778656, 660457, 316707, 376357, 685156, 497587, 940245, 551068, 842736, 934706, 922150, 105872, 737045, 101184, 740317, 441199, 709612, 266345, 224958, 800389, 650597, 722048, 760206, 168269, 160517, 409565, 410340, 671127, 612534, 390270, 502701, 922743, 970507, 133045, 653626, 699152, 610045, 699533, 896562, 645782, 401441, 923181, 193850, 202554, 123791, 765716, 913944, 653913, 834584, 832754, 706265, 519615, 963895, 474714, 472111, 363261, 930058, 261013, 925795, 432287, 787543, 607781
772442, 714673, 843568, 415006, 941099, 238783, 118029, 288881, 745432, 313276, 807719, 776856, 394662, 777430, 326567, 529597, 165381, 898604, 614833, 664310, 901857, 605425, 483706, 150855, 391700, 163632, 341296, 216852, 723133, 553904, 184103, 772242, 278627, 691278, 308182, 211632, 482911, 457305, 567168, 530825, 947198, 445889, 132093, 448657, 822382, 764305, 791759, 242622, 415377, 746912, 858249, 999452, 655824, 871354, 399519, 535576, 464112, 621448, 261031, 722348, 964419, 754911, 295498, 974768
977566, 493981, 229903, 364200, 183629, 208248, 502340, 804494, 519799, 880307, 366666, 476387, 804314, 109418, 767002, 768333, 715412, 581695, 724953, 728227, 626892, 142253, 633359, 141500, 669878, 788243, 984087, 595457, 301665, 270987, 347905, 312447, 866004, 793697, 626279, 592427, 945621, 493739, 842672, 120770, 292917, 182784, 961091, 573566, 980686, 944671, 184492, 206134, 379540, 364737, 953333, 281668, 878472, 187261, 486548, 968509, 479007, 319146, 514413, 656074, 365541, 808488, 810720, 149041
324934, 988186, 479664, 997581, 874940, 655271, 387423, 454280, 148031, 513106, 400287, 888691, 227834, 953342, 727128, 337406, 403116, 631652, 447979, 183611, 788623, 956184, 744559, 889887, 483337, 543457, 665368, 138723, 438335, 231300, 560409, 262540, 791846, 741573, 239695, 180483, 679934, 988217, 405307, 824970, 361370, 207333, 614324, 375119, 489430, 916516, 587761, 763508, 127954, 780651, 913487, 969085, 386273, 617888, 353245, 329606, 609977, 307432, 665026, 668525, 297810, 891417, 347332, 234394
881038, 245188, 560504, 849277, 844809, 571643, 930790, 616932, 423156, 506106, 737837, 638771, 264511, 264334, 862188, 547132, 299821, 707047, 912787, 224212, 920788, 197486, 282014, 483599, 175421, 817475, 220440, 200965, 304851, 692203, 471479, 945258, 949920, 552522, 618921, 347887, 609812, 596898, 928382, 325118, 592165, 457023, 444045, 458197, 642573, 481828, 521036, 941689, 666245, 827209, 912714, 962385, 442268, 582606, 908113, 988623, 980586, 136681, 321915, 616432, 346612, 140613, 257309, 219420
180146, 449784, 671148, 261548, 390877, 928688, 815807, 371048, 727988, 706730, 374933, 347618, 302622, 701772, 769167, 622464, 913819, 643375, 263518, 233361, 256634, 488970, 477182, 328661, 699105, 989265, 226750, 957413, 975399, 398552, 195150, 491857, 405815, 654627, 915832, 483646, 787460, 236972, 163174, 776336, 733358, 310523, 386829, 364119, 757754, 969645, 815539, 690765, 682435, 864581, 376526, 316374, 551622, 210500, 800242, 150668, 794447, 237662, 547597, 828568, 674837, 544979, 977378, 322052
134185, 642407, 264941, 389112, 352125, 759680, 376474, 310678, 176830, 668804, 211025, 982639, 524665, 635206, 991495, 444645, 377346, 864528, 234718, 584516, 752631, 925367, 845179, 905317, 213658, 897546, 439364, 779128, 673146, 989824, 360289, 727604, 161586, 258409, 335818, 904604, 902147, 287584, 898632, 545925, 699422, 923297, 507597, 761847, 566316, 467641, 953192, 822536, 997589, 513850, 191908, 303359, 282434, 388434, 372229, 771825, 343158, 502621, 609939, 766882, 248562, 708464, 485451, 646921
758929, 188086, 133646, 388834, 108797, 338074, 473534, 521050, 607637, 584133, 821163, 168078, 189078, 506674, 705365, 442716, 391944, 125148, 720620, 696988, 769833, 338095, 401494, 194703, 484238, 817572, 478493, 296026, 614562, 597192, 884432, 967470, 261291, 200989, 879655, 584142, 137665, 152891, 700521, 121956, 129361, 502903, 763906, 749546, 100784, 139536, 794933, 453507, 344133, 223536, 555858, 500382, 515751, 234444, 336435, 542186, 640718, 379159, 590961, 707749, 167398, 990419, 745427, 411884
417176, 660758, 493324, 225234, 347723, 648021, 830538, 651136, 817003, 942317, 558893, 925220, 425354, 493996, 990138, 159971, 630498, 835663, 840351, 931608, 782420, 650525, 351427, 867061, 717342, 859846, 560710, 849278, 432462, 719597, 544408, 241068, 773402, 673941, 842674, 664594, 131979, 818078, 972713, 229036, 964214, 478054, 685594, 695847, 350311, 305485, 457330, 165626, 549687, 194908, 169804, 407438, 646967, 970220, 225005, 146258, 658973, 143379, 568763, 203936, 637389, 624589, 784583, 300830
668309, 328650, 470177, 694220, 467353, 366905, 529223, 833738, 284275, 282158, 910181, 210529, 643811, 219248, 257916, 148014, 207991, 706347, 952253, 278708, 108810, 746471, 164605, 862998, 291508, 311530, 977433, 685024, 534706, 953151, 377826, 932714, 820463, 894812, 154089, 453995, 997820, 434705, 799343, 550060, 868328, 181289, 114498, 750605, 630306, 806325, 971227, 926881, 536831, 950879, 878547, 747885, 481934, 719191, 954658, 277411, 539666, 633800, 703877, 754980, 727778, 601366, 344399, 588702
571018, 956285, 205161, 840262, 308315, 277776, 334573, 734136, 834042, 978630, 929165, 850410, 757210, 429941, 772086, 848966, 642645, 565626, 413810, 225755, 975045, 379269, 732834, 190126, 599494, 839830, 309628, 854480, 878045, 207305, 835394, 491274, 916473, 497640, 905928, 880236, 684036, 264497, 982252, 269041, 952783, 480462, 546375, 681373, 997741, 446848, 347031, 350626, 375958, 711176, 958595, 906827, 699409, 869697, 801650, 592118, 538424, 833525, 860423, 596124, 713954, 262250, 954144, 462274
271332, 881034, 742364, 570342, 997280, 343670, 996866, 465945, 201395, 989943, 893357, 262841, 910142, 181573, 619021, 784414, 989593, 265778, 578695, 134139, 647453, 347579, 679753, 293695, 545661, 613994, 687474, 216601, 973845, 115083, 621296, 788146, 626435, 640918, 721616, 575725, 786012, 148125, 920065, 908526, 258242, 912259, 119113, 796393, 420798, 312188, 486668, 156043, 417206, 164218, 207021, 293477, 805531, 979320, 185369, 601860, 542804, 138039, 810024, 409101, 874136, 369934, 819548, 672113
972151, 592629, 623685, 767557, 915405, 316619, 395971, 719175, 578094, 714731, 933090, 162943, 331333, 881501, 442351, 486631, 590769, 272321, 625671, 376613, 150233, 629199, 711004, 777921, 671969, 872246, 616193, 674249, 506540, 915740, 947929, 610337, 159262, 128557, 170570, 534165, 798694, 650783, 670911, 797912, 278909, 837995, 106619, 283873, 481325, 905987, 567345, 367511, 823936, 317873, 601273, 237535, 812178, 595287, 409582, 973061, 103894, 709538, 535687, 577615, 912057, 106464, 523604, 565164
405546, 361609, 616055, 615177, 280172, 333995, 978315, 763382, 215024, 837263, 261427, 206815, 330100, 110436, 479845, 259798, 787130, 101884, 532422, 451757, 267759, 957975, 597301, 339461, 802454, 893104, 456668, 875035, 545648, 852610, 910461, 498700, 552983, 732874, 797408, 186609, 584263, 753504, 437377, 638745, 795200, 481587, 818276, 253461, 567617, 582337, 562671, 104427, 487095, 678747, 896402, 752342, 378856, 674586, 525032, 382029, 234929, 174603, 295151, 223652, 877231, 898342, 490685, 590052
183059, 185375, 448146, 639857, 897165, 182918, 916718, 651713, 859734, 455308, 433162, 317172, 102645, 149093, 630586, 255761, 966082, 812420, 199366, 855946, 192905, 660707, 244698, 946805, 186359, 163662, 905756, 654232, 424821, 330247, 739035, 932627, 241229, 851694, 707673, 175409, 820747, 329953, 758365, 132539, 825116, 691474, 631550, 369340, 683368, 321972, 331052, 257399, 396008, 274787, 431475, 337649, 930461, 853524, 162179, 159691, 164445, 892597, 860539, 519779, 727839, 814488, 421391, 654156
610678, 618755, 268282, 891600, 295993, 100961, 661030, 210319, 242303, 159022, 228963, 822619, 643526, 335382, 924592, 406171, 153282, 541582, 614775, 926123, 421492, 486594, 652863, 857524, 192512, 383995, 807876, 291670, 925957, 343444, 968478, 967771, 965854, 151485, 971975, 359141, 456597, 485067, 738221, 493748, 772439, 766145, 642280, 551024, 624531, 255117, 533034, 459790, 577617, 161008, 453486, 507110, 885224, 780444, 614347, 754295, 102059, 158109, 122888, 576294, 833091, 193587, 786870, 944718
399024, 628069, 699129, 298999, 267028, 107376, 580203, 626759, 896407, 868873, 127549, 172359, 199308, 258342, 385974, 950402, 607917, 474916, 848463, 500804, 973176, 762624, 670435, 188828, 646136, 193839, 124871, 307651, 961034, 314835, 146657, 606888, 686108, 806663, 858975, 402131, 187450, 693001, 496752, 797985, 417482, 445796, 916165, 130601, 512539, 638082, 888919, 315817, 773614, 696741, 270070, 552181, 851621, 197669, 394304, 261773, 349977, 508910, 554776, 858232, 253369, 474798, 967078, 410492
243899, 587259, 328169, 286892, 536805, 586685, 464852, 789587, 985034, 690600, 376559, 499577, 505651, 645102, 318863, 313573, 314432, 224555, 185284, 624469, 456861, 917904, 783292, 611038, 205178, 179757, 192157, 212978, 107287, 869723, 903671, 515705, 232986, 627307, 892914, 523533, 133483, 146330, 917972, 473547, 303570, 962771, 256618, 852753, 650849, 636116, 551168, 968153, 414978, 348057, 277924, 845105, 873424, 554049, 100828, 542758, 683033, 559136, 689598, 702060, 769054, 720721, 297761, 760071
337354, 946069, 684185, 773040, 248701, 757043, 239027, 936323, 567985, 114073, 332807, 563232, 122492, 334129, 574328, 283311, 606323, 488323, 506197, 970601, 257815, 340893, 326220, 142933, 277640, 295668, 128094, 873650, 542047, 592496, 343851, 204190, 794602, 853565, 806276, 681315, 639193, 783478, 906518, 900504, 950975, 726543, 473530, 647783, 681409, 234360, 809445, 815199, 630954, 149060, 669921, 827214, 793776, 837180, 562240, 999619, 731165, 636727, 876989, 889345, 342571, 803932, 280759, 854128
158396, 759415, 207664, 222478, 903359, 887330, 669640, 726892, 571799, 194015, 577201, 356556, 907621, 906978, 308937, 560474, 150016, 666328, 923366, 477396, 111187, 209948, 221938, 865621, 391267, 412559, 399244, 105941, 189926, 846991, 875855, 240367, 809127, 444155, 525876, 310584, 121833, 117449, 668383, 511741, 994804, 130757, 373380, 289559, 872753, 625374, 853320, 274304, 676999, 780256, 497030, 587923, 230357, 889480, 511341, 915080, 918423, 340784, 992087, 686305, 287236, 318424, 280662, 492345
380255, 779358, 547100, 178065, 866251, 458481, 686173, 701451, 510353, 148980, 311960, 651310, 246734, 305734, 694875, 598569, 251950, 271980, 160121, 127252, 385185, 115953, 567560, 603076, 340120, 686060, 141290, 953867, 791897, 572835, 212386, 413832, 425831, 794069, 582007, 708724, 211813, 168346, 997474, 543821, 685148, 954138, 707170, 115736, 249271, 919577, 392542, 260751, 366550, 301137, 613692, 382936, 572547, 236250, 276423, 762475, 507522, 194668, 877302, 547927, 600289, 971011, 166902, 962767
907160, 541630, 643495, 803986, 675227, 701241, 447394, 305426, 631803, 241315, 930696, 900857, 997934, 126393, 492789, 135418, 422364, 218390, 888932, 234372, 774089, 461912, 684421, 650990, 279358, 334408, 381962, 890739, 943665, 542287, 757303, 477703, 824184, 256589, 555626, 466965, 357931, 166155, 354583, 386896, 923539, 774127, 736500, 218695, 261499, 413365, 245948, 225282, 173447, 366171, 703263, 983593, 484927, 303874, 533214, 527474, 293186, 783929, 472994, 151633, 669607, 306721, 911893, 716005
219775, 247791, 352309, 700991, 526975, 662908, 831797, 852111, 734401, 366590, 440832, 550003, 185055, 837432, 943133, 720982, 198339, 861279, 900367, 354708, 659256, 305981, 566592, 754537, 677386, 135451, 524612, 949691, 771106, 863073, 798373, 888704, 820854, 999873, 544711, 188653, 500248, 913644, 597108, 893555, 112053, 721822, 319212, 966351, 374161, 299155, 910840, 530217, 215032, 697485, 950074, 238048, 609580, 238644, 525805, 311514, 811120, 834704, 340615, 709437, 923815, 436176, 387173, 788952
683383, 530639, 397103, 845294, 577177, 170241, 354589, 437311, 436213, 759709, 311840, 746232, 678086, 970645, 425745, 784799, 480896, 243690, 507128, 254312, 806043, 301652, 765348, 906541, 462321, 706751, 570102, 537750, 304556, 793892, 759008, 688796, 697176, 744333, 691203, 369374, 595320, 615284, 686698, 367000, 223258, 370986, 424601, 405135, 156532, 502389, 714620, 841964, 297367, 616370, 693808, 245504, 325804, 231995, 132241, 161032, 354747, 401221, 441498, 778958, 376980, 631924, 941774, 405441
920699, 888855, 358510, 583256, 107304, 466551, 424506, 809479, 356517, 669658, 897580, 214694, 998648, 805086, 261296, 830940, 821146, 477788, 581855, 534300, 169665, 543051, 549714, 803801, 540009, 776349, 742510, 634861, 871235, 894480, 979405, 687499, 434967, 669349, 210946, 512386, 985383, 756735, 709154, 229221, 405176, 740463, 343848, 391789, 544730, 125411, 447166, 874357, 359065, 211526, 664595, 816279, 209107, 670125, 226655, 890913, 997075, 551984, 361127, 719388, 296532, 901462, 995693, 804492
885269, 533944, 445486, 779267, 618465, 334787, 579350, 553584, 363460, 730051, 462632, 108249, 290367, 324224, 715479, 501720, 162913, 785027, 372621, 454690, 981098, 949325, 906749, 719957, 191484, 213255, 369427, 101950, 428667, 891474, 535133, 664124, 969108, 291957, 331285, 471032, 142763, 143806, 207816, 851528, 224301, 606704, 163736, 687862, 310067, 370798, 229472, 744659, 983204, 411788, 694974, 975763, 483396, 116431, 180187, 704550, 582236, 916181, 271922, 855522, 173245, 176149, 274222, 127303
389539, 150329, 177618, 245334, 359751, 304987, 888608, 819181, 993071, 558144, 445566, 520790, 663237, 563144, 806865, 135022, 430347, 394999, 883873, 960091, 566797, 652113, 230651, 613616, 301417, 968801, 782803, 199392, 936884, 931092, 165498, 767014, 177264, 655135, 855633, 756634, 402289, 379837, 687699, 388797, 322881, 564082, 517346, 675529, 370791, 356347, 519719, 223456, 823798, 411892, 737116, 375387, 232593, 340709, 533691, 626052, 743855, 607981, 815545, 543979, 350628, 907416, 881098, 873846
862177, 883521, 357952, 280939, 292112, 276973, 414183, 891256, 417301, 671714, 498443, 922761, 659572, 230955, 975625, 545948, 256868, 497313, 138944, 589898, 738667, 808910, 478159, 887842, 118268, 706526, 966652, 156183, 135806, 807202, 370394, 765578, 788543, 780541, 422683, 648941, 553820, 594843, 113971, 911747, 987358, 788382, 233368, 373911, 995163, 997238, 768195, 650366, 225008, 395992, 976669, 754915, 213354, 912204, 537198, 935611, 408136, 464003, 523046, 525227, 233040, 968879, 614689, 274988
141677, 400377, 531678, 607529, 842907, 589391, 230998, 557584, 275263, 300266, 857826, 359063, 954927, 473868, 453106, 803033, 683383, 227827, 340589, 752854, 121878, 413695, 956979, 460806, 411879, 658512, 801825, 484475, 329975, 120276, 211939, 312843, 163761, 676406, 142691, 560795, 547693, 350058, 789117, 320610, 862804, 415062, 716886, 336878, 246757, 828631, 671696, 299391, 677988, 365445, 292345, 838823, 632739, 594542, 435589, 848339, 352160, 989106, 142820, 146547, 511947, 213494, 475519, 897389
795253, 530858, 793409, 704037, 762508, 874252, 273405, 456678, 843283, 521624, 479838, 609663, 242446, 924381, 810737, 288853, 271038, 996415, 754847, 855919, 225736, 581939, 747456, 605462, 440614, 235384, 580248, 893734, 913887, 836058, 177006, 395445, 419959, 850246, 966494, 137728, 348720, 267428, 190431, 230710, 802307, 305117, 350520, 539419, 888847, 410990, 557706, 734534, 211045, 818198, 153940, 752969, 266805, 836953, 762151, 572263, 997304, 214536, 561677, 231385, 215868, 464854, 336173, 180835
460968, 953685, 814684, 951581, 405006, 812085, 423618, 841444, 166484, 493288, 419466, 969012, 301512, 614672, 733979, 562630, 340948, 842782, 161438, 714396, 843582, 436749, 228103, 471989, 805853, 158051, 922616, 338694, 572801, 147415, 183495, 827604, 838210, 976518, 680303, 223745, 333860, 612714, 249316, 368988, 687540, 783861, 615869, 721799, 971355, 495276, 566727, 832366, 504992, 668350, 772558, 862650, 554492, 299534, 430151, 909823, 261536, 240317, 387568, 316740, 517437, 542424, 686070, 300980
907921, 505733, 630471, 131297, 411064, 160065, 777910, 758420, 108775, 587362, 141791, 572550, 687268, 319687, 499922, 436977, 727733, 966287, 425218, 544069, 670341, 359617, 765502, 979528, 263263, 564020, 789594, 308889, 730389, 319282, 832899, 771949, 824617, 815946, 339152, 275954, 430245, 699152, 312730, 399507, 980035, 455641, 509052, 388697, 698567, 518654, 121429, 756911, 345199, 421427, 914443, 124470, 175396, 667688, 948119, 682268, 437203, 253455, 773435, 987641, 647646, 366796, 786771, 164742
467448, 625886, 863554, 743423, 346726, 602734, 346316, 992398, 837389, 413392, 362446, 196350, 813145, 214022, 642951, 668868, 606070, 592559, 905388, 286265, 843545, 932586, 687848, 789066, 696642, 623641, 225335, 156496, 586400, 557062, 119299, 480294, 289783, 843497, 928320, 359110, 817496, 877306, 909123, 511157, 632327, 808516, 718611, 790054, 353872, 657836, 446545, 904111, 172679, 619422, 417444, 557573, 314953, 686018, 478027, 568103, 883058, 351845, 903093, 404076, 425237, 380584, 698204, 807888
279683, 872920, 530001, 165804, 583605, 315769, 452557, 703265, 619117, 105951, 455164, 259419, 600703, 707393, 928171, 854437, 851779, 647836, 213904, 332395, 390921, 823492, 559983, 892777, 200624, 881551, 389292, 997474, 149684, 137696, 794108, 389151, 366358, 774594, 456865, 656784, 323018, 645668, 250158, 166911, 296886, 100482, 784759, 326511, 761562, 961484, 543700, 886395, 515202, 682247, 204158, 196500, 804473, 510750, 113582, 434174, 756102, 335120, 300298, 887740, 969992, 598990, 501270, 920855
953142, 611046, 698470, 615188, 602269, 487433, 238159, 147177, 551308, 609853, 236920, 681857, 970668, 568232, 250442, 501722, 799937, 652159, 665221, 481747, 155012, 712537, 332730, 137919, 246469, 370978, 698423, 641587, 736917, 592800, 858360, 622515, 154858, 126436, 950153, 790363, 126569, 162957, 882580, 411910, 431333, 475280, 768560, 968376, 198674, 785196, 246822, 475096, 889509, 821870, 506283, 467720, 250305, 850786, 151953, 959541, 603819, 600514, 970042, 102862, 845047, 462965, 622845, 305730
173921, 133161, 197309, 458453, 855573, 538096, 654456, 285138, 949050, 650820, 414190, 835167, 762047, 648996, 657750, 623035, 359607, 661463, 518738, 276374, 242613, 285481, 360020, 239583, 793003, 818772, 142354, 899747, 335722, 456901, 590620, 423530, 893456, 682088, 160327, 574337, 977316, 380434, 579094, 626547, 111942, 716251, 666879, 368325, 503831, 795767, 348052, 871627, 495808, 715501, 377647, 715440, 753982, 262944, 482108, 429340, 160143, 595134, 550375, 362383, 169375, 414347, 767835, 835566
767342, 691007, 602750, 516668, 393993, 412902, 260142, 716919, 210752, 174309, 896112, 616647, 392210, 627467, 643984, 171989, 263205, 966921, 309445, 360118, 812763, 422500, 476152, 278028, 738531, 283998, 928365, 455825, 419160, 608815, 102702, 969919, 613298, 917447, 976270, 137997, 547165, 849169, 520365, 817780, 520754, 652156, 684447, 945618, 717011, 944474, 671894, 901844, 904392, 447436, 318738, 249116, 840857, 972330, 236212, 656832, 767848, 574077, 973355, 837011, 654987, 419330, 149654, 553683
528950, 736341, 621908, 885639, 240151, 196951, 944465, 343474, 748158, 281294, 523202, 866678, 664975, 983615, 763631, 487020, 916797, 164646, 675388, 815259, 933573, 907295, 178836, 583307, 238239, 644774, 185745, 311817, 221682, 542599, 867117, 839167, 778839, 643411, 399174, 150076, 347772, 691461, 959663, 875386, 804272, 553043, 798421, 251511, 356547, 204866, 838139, 147768, 814662, 695125, 270373, 741157, 466450, 747322, 121279, 512838, 699415, 432487, 360184, 639285, 267370, 701243, 980202, 828356
758789, 622591, 712785, 505737, 388252, 476362, 830536, 250420, 269164, 767194, 328885, 457145, 582511, 652890, 716290, 535714, 831808, 228756, 232170, 895280, 515235, 791963, 872352, 124539, 680375, 306363, 589903, 786811, 766706, 293564, 407228, 933082, 248929, 612233, 652244, 134138, 371731, 941980, 520226, 751426, 760670, 659043, 602064, 163668, 415427, 940023, 894394, 205480, 134207, 674976, 338756, 364956, 285972, 985855, 197171, 197912, 871615, 804542, 147114, 875642, 840557, 134066, 373120, 829943
635797, 591003, 798228, 480475, 517745, 836154, 321855, 723259, 854854, 503423, 527033, 234660, 253452, 438612, 749616, 140227, 436042, 682712, 821955, 122113, 225897, 952748, 849494, 474899, 879382, 914066, 768542, 608529, 226365, 285684, 390357, 281972, 955780, 229670, 605192, 796692, 722784, 824199, 879936, 910069, 251758, 899455, 395865, 782213, 440052, 812997, 515969, 845712, 642798, 739912, 789899, 580697, 925012, 625732, 891689, 193865, 855050, 213654, 563068, 601534, 941623, 984792, 683641, 528079
603313, 757065, 477128, 149556, 114011, 187024, 335825, 392183, 999348, 462193, 680909, 241299, 138499, 432047, 441947, 476950, 515157, 399197, 904151, 561991, 899907, 402442, 560965, 457641, 816863, 515265, 315573, 736262, 807170, 610683, 906826, 996112, 669887, 173197, 398724, 811161, 919506, 648879, 780692, 633476, 205086, 104386, 782148, 928497, 364670, 119907, 557048, 780370, 654252, 680724, 432999, 761968, 494357, 898483, 355746, 249143, 442118, 642225, 460556, 409692, 905468, 103918, 911964, 932610
628323, 374253, 864308, 166756, 305529, 954163, 655309, 467559, 658087, 955359, 188805, 800805, 476936, 697831, 564054, 792757, 708772, 990207, 198267, 370022, 713438, 569641, 700763, 204473, 552839, 222226, 846310, 728688, 904780, 210999, 478361, 122037, 976761, 894033, 798119, 856181, 735356, 363986, 550970, 599004, 375689, 741723, 615885, 585673, 106797, 505578, 836232, 341565, 701329, 327573, 277003, 677752, 243579, 506176, 869050, 222191, 709695, 274100, 542070, 233897, 453937, 124201, 799903, 889597
217652, 980272, 100561, 423352, 319872, 329477, 134689, 693667, 430633, 530509, 857334, 847120, 668601, 408495, 883302, 264817, 816583, 645700, 377984, 855549, 388349, 887961, 749833, 921875, 475019, 603172, 438177, 134541, 370100, 443655, 451269, 417676, 282096, 886411, 287800, 709278, 514627, 962462, 822233, 229249, 726409, 924882, 359784, 627047, 100208, 471211, 747455, 119424, 655093, 835514, 640258, 485872, 591529, 165378, 347641, 676680, 764272, 424499, 569272, 996805, 736601, 789702, 344244, 635300
806881, 789808, 372557, 626582, 543836, 120342, 664638, 455801, 282966, 948684, 795580, 169615, 207276, 834947, 251973, 728248, 695858, 193109, 671143, 181023, 570655, 857447, 310638, 759881, 675155, 500787, 266440, 507299, 806667, 688260, 228918, 836185, 574695, 272137, 766156, 416720, 465441, 402789, 186869, 134950, 823418, 424004, 355510, 268516, 154953, 527040, 193915, 642386, 703557, 875661, 278119, 845934, 896496, 171680, 923323, 165247, 463584, 592588, 293319, 666974, 640058, 633072, 371529, 504835
254078, 851489, 721278, 809273, 959048, 208504, 207548, 486839, 893698, 276307, 317076, 831737, 580394, 146367, 354106, 348789, 955673, 881820, 236628, 672513, 621889, 642911, 651503, 742623, 734309, 803507, 410189, 185169, 609749, 888378, 853693, 812938, 602553, 655386, 449369, 833953, 881382, 760124, 759393, 967905, 593526, 871617, 926146, 567965, 144813, 991652, 673394, 335997, 125950, 271207, 760352, 156449, 987527, 987995, 249454, 653032, 378678, 202067, 874417, 376152, 489466, 499436, 881659, 397427
135355, 501596, 430450, 160118, 592664, 182086, 440612, 514530, 146799, 493978, 992503, 446874, 651684, 231377, 162033, 685721, 680139, 760976, 759580, 541672, 125432, 953247, 175693, 433014, 424855, 633966, 873538, 251125, 602921, 384787, 336165, 363161, 187782, 776516, 120538, 330750, 217390, 934717, 107907, 468924, 547858, 355365, 861940, 984199, 284777, 582565, 381510, 210292, 781586, 819328, 688957, 418399, 304054, 882902, 399815, 187691, 930510, 507983, 608223, 202449, 158465, 365424, 836368, 756336
367608, 795315, 603313, 796365, 629854, 125604, 412597, 840271, 709229, 959827, 447152, 462665, 875998, 508511, 296611, 438790, 168768, 186013, 193578, 447898, 889176, 136726, 934700, 480565, 412373, 134145, 577233, 846449, 681603, 258472, 490201, 674912, 880275, 518773, 172281, 126836, 192459, 839338, 818157, 486317, 383693, 129997, 527025, 717404, 228247, 809374, 354915, 503936, 793275, 712002, 551672, 657823, 210948, 925320, 461047, 148027, 598830, 555391, 489727, 151811, 654853, 892547, 581163, 441346
890104, 997410, 234569, 923810, 293283, 778667, 807652, 935803, 111200, 384078, 809076, 954911, 925838, 625146, 486123, 841974, 334088, 263695, 108090, 382655, 818129, 539369, 743270, 489334, 373261, 175543, 866576, 249536, 808402, 421440, 957578, 601185, 997208, 912885, 611574, 694769, 887390, 539014, 471534, 741742, 804203, 918986, 584796, 593274, 125235, 602487, 885141, 932452, 148367, 541978, 216875, 777417, 516532, 488807, 870718, 168702, 973725, 492438, 844708, 214454, 204572, 898550, 233287, 887964
653839, 939163, 671212, 776366, 163183, 721448, 230660, 942890, 457927, 172975, 525538, 266441, 100721, 850793, 345084, 987413, 793063, 922231, 353306, 912207, 203167, 139394, 508199, 474527, 913833, 589256, 250773, 538753, 273107, 192996, 325019, 786797, 457023, 155550, 820528, 549273, 512281, 179559, 908240, 202231, 588395, 880116, 632330, 812013, 562413, 651074, 315313, 141711, 262618, 991985, 567978, 892017, 982786, 527574, 136525, 883447, 529887, 378036, 484940, 494120, 305172, 756928, 722025, 423400
