502405, 687404, 267587, 491226, 952525, 137135, 899003, 903124, 406763, 739785, 108759, 460934, 498540, 300482, 487081, 213768
718170, 562137, 980141, 821000, 116718, 322234, 800487, 832092, 752448, 923909, 920278, 515939, 688272, 608433, 991629, 544151
329725, 689541, 414429, 103183, 950028, 680844, 113022, 646291, 611678, 487169, 648483, 925825, 577379, 407422, 850251, 923523
525408, 414610, 169667, 807922, 532355, 381723, 888014, 176745, 527719, 790515, 866066, 932052, 815334, 600682, 165328, 478422
328238, 219061, 591168, 788544, 266885, 330956, 378237, 150095, 452609, 117902, 386824, 524227, 325510, 445597, 114963, 207233
590464, 380278, 594854, 938665, 451210, 213030, 544233, 226621, 149355, 231331, 765232, 218490, 166543, 472039, 802066, 729199
636489, 817392, 349596, 212546, 588287, 650391, 351204, 700482, 542929, 265072, 414173, 444966, 856541, 904039, 709255, 213923
928608, 261126, 170022, 600796, 323843, 362143, 653376, 425746, 787046, 304457, 567946, 915933, 589499, 504690, 517036, 220864
602207, 895385, 837528, 907602, 365913, 917750, 366475, 958596, 820354, 593446, 284713, 722535, 162063, 487190, 332118, 537053
663304, 127693, 700307, 623529, 340062, 823783, 966585, 987022, 455898, 480864, 566709, 954242, 224483, 759539, 221818, 984430
331773, 742338, 551017, 745039, 820776, 412925, 168716, 647658, 644312, 635951, 258725, 920216, 585576, 186551, 241653, 181819
421275, 735509, 393457, 995293, 510848, 478239, 167714, 148391, 219966, 373373, 138590, 503342, 950675, 878306, 198856, 526122
915437, 137346, 915930, 382481, 718648, 113279, 195430, 871223, 369395, 151030, 280207, 104076, 311508, 938107, 573248, 964017
919962, 684118, 864627, 587933, 980162, 590076, 672494, 138166, 180537, 719338, 855130, 182199, 990779, 498437, 846749, 371412
936389, 502551, 927209, 598086, 459306, 843287, 287512, 740533, 134504, 163943, 640228, 378558, 170661, 434098, 520527, 926735
509159, 112099, 280962, 237854, 529909, 644484, 681919, 486656, 772975, 195967, 452726, 129252, 691059, 108218, 135291, 941224
