863144, 909571, 396323, 298416, 522066, 650776, 534558, 800153, 208302, 736715, 937461, 152791, 870427, 454708, 586864, 300949
626776, 673670, 361960, 366101, 352529, 768118, 140508, 506357, 559375, 114649, 944797, 858427, 466727, 403691, 274915, 577561
840836, 290460, 477132, 398384, 171457, 988362, 506922, 644667, 309024, 846074, 896112, 898796, 519806, 572587, 326311, 883747
806366, 207308, 940476, 493535, 848081, 381576, 602714, 156460, 233361, 543143, 791306, 704171, 828061, 315710, 610645, 973073
926864, 544107, 378753, 594816, 797306, 131987, 284302, 583276, 153901, 944246, 271763, 626524, 851400, 982528, 209046, 201099
618433, 520671, 417909, 335037, 760801, 520460, 105041, 745603, 641324, 210403, 137063, 218100, 832734, 747605, 868995, 796191
962470, 553853, 831094, 467494, 526990, 692452, 111919, 806103, 118973, 142598, 263816, 927728, 412802, 210056, 389084, 273525
851115, 506640, 194718, 257421, 965523, 465673, 513970, 951800, 430823, 741791, 107627, 313492, 195719, 364924, 249842, 469306
439192, 770776, 293252, 586415, 190776, 207570, 209405, 700161, 148163, 143919, 999544, 467655, 797644, 726561, 794602, 118006
489355, 165223, 201728, 899993, 934184, 593105, 155451, 535955, 954352, 403253, 264740, 762427, 301517, 640657, 365188, 515062
800424, 380669, 357888, 729419, 565990, 936133, 216640, 244688, 408468, 411388, 627144, 152136, 100047, 508893, 189395, 766086
375327, 155281, 582431, 742293, 817963, 929371, 134690, 909743, 600155, 589463, 588701, 578883, 664526, 768298, 889788, 584358
430255, 925843, 166147, 463404, 872744, 531934, 353750, 292685, 659307, 690931, 705818, 684894, 791275, 580314, 676447, 183302
503148, 900058, 767286, 181782, 830070, 128716, 702932, 240739, 971087, 404451, 737842, 256643, 221536, 829512, 939456, 200973
756670, 482046, 869675, 594937, 958778, 163312, 568291, 834040, 682410, 184365, 770175, 566367, 540534, 511685, 180260, 941684
705614, 344020, 849110, 747388, 703139, 625262, 948866, 219739, 993933, 456069, 370596, 278371, 227076, 691413, 732730, 386873
