670929, 832558, 460781, 158583, 992247, 485549, 648862, 938928, 471325, 391522, 397039, 843660, 688339, 512281, 398165, 793172, 447271, 369466, 842266, 721525, 853558, 647940, 800337, 462091, 755755, 839772, 238248, 248908, 848486, 885656, 275368, 226205, 723062, 453751, 754518, 385130, 676142, 355634, 284781, 392565, 659177, 941052, 843316, 889695, 837691, 197053, 191077, 206016, 304125, 462406, 778879, 827770, 583948, 872281, 824849, 269641, 691337, 789567, 509719, 900014, 179921, 795026, 285387, 525597
226210, 996891, 698830, 709083, 156036, 157723, 902503, 342745, 101654, 535036, 426021, 907364, 199720, 912783, 912666, 244619, 293389, 368257, 153362, 694729, 587452, 391201, 772649, 833620, 777452, 629235, 769158, 240330, 707211, 268708, 704686, 780166, 896801, 827279, 534357, 574670, 307426, 298126, 162426, 361536, 480533, 190736, 469846, 728152, 827497, 308107, 949805, 810937, 468640, 998251, 131397, 652833, 233653, 430750, 568390, 516948, 870348, 582897, 528074, 200205, 569632, 132611, 512221, 868153
666997, 736081, 625304, 638058, 767717, 354474, 645376, 874355, 783174, 731086, 301078, 415703, 998991, 667449, 568987, 540772, 165076, 661389, 475461, 127074, 199913, 143797, 980822, 340722, 943592, 722790, 656797, 368004, 871816, 591331, 325869, 436949, 481000, 692750, 115008, 878483, 402744, 553111, 589491, 190311, 667444, 482405, 605669, 100279, 638952, 593658, 134202, 205455, 815643, 745540, 638822, 662905, 376595, 967131, 817417, 130097, 602586, 729143, 351318, 464811, 321883, 448186, 335290, 106203
545879, 670300, 706898, 314546, 947265, 942957, 456930, 545291, 280618, 672822, 339749, 982334, 594433, 410364, 183559, 224843, 751773, 873086, 591560, 843844, 618792, 566964, 724511, 127880, 690950, 527958, 641485, 778775, 760606, 561401, 184191, 968823, 430136, 583781, 253685, 280200, 218712, 576819, 791241, 461646, 178470, 307037, 285888, 375778, 679702, 620582, 234009, 640848, 731127, 354839, 327921, 333826, 374823, 189831, 264586, 745448, 262176, 410318, 440918, 666977, 145933, 440251, 409994, 953893
897914, 213739, 592476, 842560, 569580, 492522, 895415, 645746, 340321, 951958, 431370, 291908, 330210, 812355, 450786, 502991, 399674, 804194, 275020, 364316, 519920, 401488, 855097, 986408, 336636, 220701, 976785, 580889, 804516, 999475, 284534, 255524, 254784, 682510, 560898, 354993, 922354, 645550, 936936, 717061, 406563, 438819, 559933, 823916, 189281, 819639, 576102, 392050, 500102, 965725, 455670, 255428, 384807, 370597, 920180, 567012, 718940, 532986, 895782, 744301, 454955, 631170, 617335, 185142
387823, 505815, 322348, 920743, 319618, 925753, 838482, 843689, 256833, 993113, 235017, 675333, 186637, 945844, 818108, 696730, 577003, 812087, 448893, 339668, 749990, 362068, 648139, 347169, 877192, 361445, 571761, 911311, 728468, 596306, 638559, 799414, 886383, 640854, 277102, 387235, 478395, 730039, 254290, 767560, 311894, 577516, 534222, 989417, 421951, 368731, 250981, 948343, 265238, 235000, 661101, 374559, 446161, 230441, 808495, 182373, 431958, 437734, 860115, 680971, 631300, 545023, 362237, 638291
108715, 668740, 104897, 906202, 215503, 584771, 236355, 815520, 328173, 249793, 428834, 307800, 286738, 878447, 551566, 886898, 764292, 787403, 555222, 386282, 342941, 612911, 549245, 440000, 852574, 223522, 954165, 720301, 452493, 387303, 847282, 503767, 242305, 347925, 162901, 881674, 621491, 840671, 557407, 449606, 249791, 318987, 445903, 824216, 905345, 787661, 782606, 745299, 447506, 336113, 749910, 275830, 251880, 342452, 161184, 464726, 960402, 141143, 987555, 208229, 152933, 409714, 224503, 546126
673879, 646512, 462192, 649095, 524142, 758351, 166994, 230821, 881050, 716611, 434460, 226065, 877171, 826227, 142223, 386735, 981784, 626028, 656431, 882583, 516790, 897681, 615442, 753288, 190465, 970551, 562412, 480143, 648787, 970548, 457855, 370714, 904328, 594177, 410619, 510519, 478185, 197983, 339865, 296648, 715808, 249496, 789951, 121859, 665319, 493131, 665756, 101856, 799556, 217673, 536462, 315667, 262641, 905876, 176628, 191439, 818921, 946772, 776749, 700682, 519825, 697346, 388433, 224383
508148, 884070, 579510, 707466, 908182, 955046, 902465, 419513, 421433, 848335, 866415, 910308, 512424, 608380, 179539, 705593, 375605, 563269, 106880, 145900, 261307, 517903, 468816, 738150, 652309, 689535, 454288, 830605, 268545, 909855, 807335, 376584, 242729, 636738, 762788, 670707, 321785, 275127, 938053, 808994, 209779, 505991, 413885, 966211, 637688, 477099, 844115, 880711, 263710, 961362, 581122, 206732, 838377, 920230, 216666, 873577, 885054, 329920, 506887, 506317, 988986, 136405, 298582, 672508
197486, 535522, 925774, 759794, 895140, 755415, 212340, 121260, 814453, 312017, 900605, 919726, 921672, 377740, 805002, 285982, 430508, 876274, 189251, 638646, 513748, 805511, 649132, 579391, 775522, 747546, 796047, 397688, 489816, 918750, 118262, 249011, 613525, 404237, 870534, 792592, 199869, 486831, 210945, 370157, 170662, 846710, 358411, 750526, 233083, 219380, 312823, 140346, 738177, 823443, 261520, 253051, 375325, 184711, 501188, 787900, 522671, 798267, 731550, 362442, 837646, 370877, 947226, 239162
697896, 399590, 538787, 803697, 113063, 289468, 506510, 254559, 209107, 882464, 190941, 672165, 133136, 997330, 467292, 426204, 402042, 435883, 998601, 273891, 783976, 576716, 392598, 406941, 286422, 860496, 997142, 419130, 896972, 412818, 989164, 967497, 812913, 735448, 884179, 523555, 405648, 319896, 252841, 284301, 240951, 700172, 925993, 434471, 595110, 331195, 319886, 526201, 555549, 623173, 985288, 366614, 753386, 783337, 170390, 711999, 248278, 357079, 285328, 295773, 435798, 736068, 597696, 780440
525009, 173051, 974399, 537961, 310859, 351699, 220334, 170122, 582035, 481017, 908647, 153898, 125257, 902680, 579496, 508610, 509564, 321551, 103245, 922385, 119608, 843110, 474823, 853655, 487813, 327546, 409808, 185049, 765512, 592034, 315405, 498670, 547425, 883869, 190933, 655718, 722570, 235811, 805651, 497669, 247647, 125819, 559704, 734956, 293028, 544540, 676369, 337530, 559652, 662711, 700194, 504148, 244645, 360163, 248425, 300626, 778311, 888140, 953188, 215584, 695419, 471994, 405777, 641804
925689, 592863, 155686, 800103, 412360, 755758, 325454, 421055, 831873, 567687, 325392, 954608, 744395, 545190, 331977, 344754, 143380, 231207, 878070, 519337, 854195, 544776, 841787, 584723, 662290, 737994, 931357, 747756, 469449, 849976, 331243, 618772, 790347, 224201, 512484, 332302, 620378, 204768, 319029, 713062, 923029, 208821, 517259, 707746, 285682, 731957, 295558, 270143, 837209, 959949, 828316, 963286, 686051, 127893, 269258, 266406, 804221, 765703, 883389, 927598, 382725, 387888, 919164, 561292
415941, 834924, 274202, 289827, 729241, 194061, 807234, 772127, 663399, 658266, 296531, 163751, 112038, 455548, 850263, 610578, 463206, 629599, 379150, 200179, 297608, 866157, 778267, 740293, 789698, 367593, 277575, 795730, 807556, 406068, 478600, 546891, 660843, 263721, 129670, 719476, 428292, 180664, 290004, 624211, 225454, 113653, 229253, 653305, 416869, 781447, 349935, 193212, 573586, 407414, 864743, 985676, 887785, 660755, 671370, 777489, 392865, 880929, 213228, 772268, 779536, 674531, 141721, 614726
515146, 296709, 617771, 897407, 834593, 679110, 687848, 320741, 558890, 754224, 522028, 691208, 393444, 752050, 109167, 822060, 758076, 772239, 930590, 730281, 303159, 656508, 205099, 826621, 335572, 535628, 286839, 221827, 344830, 127139, 638410, 913687, 652922, 467266, 114155, 984001, 157073, 228552, 357144, 220985, 456032, 118784, 889043, 857064, 258233, 422726, 656095, 769562, 877463, 431045, 340306, 102257, 662583, 914407, 693392, 372141, 686947, 758520, 184254, 864632, 698481, 994702, 852585, 145155
506629, 450057, 773173, 742220, 684212, 936225, 554304, 982549, 294233, 540914, 159180, 826042, 920256, 793908, 268007, 486455, 738687, 801637, 424691, 223594, 779198, 734392, 822066, 683578, 968757, 295427, 430977, 346094, 679107, 986811, 754899, 551684, 926932, 123073, 742526, 920400, 484792, 122239, 971575, 662163, 297634, 444694, 951582, 698379, 123389, 690592, 574015, 772352, 113669, 785226, 227085, 839217, 282678, 838585, 688756, 101454, 132437, 196033, 850091, 424264, 274879, 428006, 271649, 596674
876111, 321216, 952195, 954629, 547363, 442219, 559816, 930326, 454518, 621294, 878847, 127478, 325054, 729182, 887892, 565797, 203953, 521952, 545824, 336191, 349730, 949864, 578689, 487249, 382780, 300534, 180197, 690351, 185664, 415658, 304987, 157765, 957654, 785909, 848847, 101918, 571054, 949194, 191348, 927627, 551606, 522741, 459658, 853737, 469356, 588303, 871547, 206905, 296631, 973078, 125681, 534943, 517378, 463913, 576735, 188032, 229462, 444145, 286041, 270285, 104981, 415410, 133858, 457518
285976, 848403, 152257, 152893, 943627, 512640, 170747, 311992, 816560, 593036, 800605, 659035, 198417, 284254, 689082, 874645, 704333, 389238, 861170, 380859, 472347, 306948, 744542, 177985, 973167, 488133, 195882, 148427, 125864, 768622, 392889, 710932, 693482, 882886, 288684, 881929, 540352, 828280, 753531, 242020, 370434, 795229, 980859, 306025, 315541, 751673, 828685, 684168, 636521, 682172, 616841, 268730, 992420, 777074, 268563, 131260, 571702, 699771, 135238, 419515, 125783, 761276, 250769, 460540
866869, 566029, 217626, 437877, 569497, 886463, 957905, 599935, 172635, 984124, 748393, 965915, 855271, 972474, 875891, 811247, 401404, 406723, 785372, 738661, 410962, 835803, 605542, 647813, 784169, 824425, 983199, 320964, 934395, 225150, 843723, 288661, 212368, 402996, 543310, 474965, 793757, 708277, 688748, 193419, 353304, 964042, 338994, 564197, 634535, 251309, 816667, 830101, 388172, 509274, 926671, 695610, 698713, 882960, 719910, 374729, 537634, 723353, 915524, 103181, 542978, 926607, 913770, 287864
645792, 199140, 368415, 182462, 321687, 314795, 796209, 407283, 904976, 624719, 238644, 763125, 768933, 717897, 205490, 797668, 462467, 938002, 381748, 994107, 894142, 215042, 666049, 895131, 923724, 562821, 755773, 284825, 938260, 747069, 342520, 149971, 961307, 749486, 212536, 826001, 922697, 148067, 123152, 830131, 355225, 256626, 411924, 318525, 622715, 763934, 430163, 374858, 741449, 665265, 809920, 985805, 269556, 178173, 487840, 216465, 274441, 240898, 381305, 480058, 990473, 271177, 461056, 869326
215611, 976181, 279341, 291771, 677441, 549556, 296640, 212517, 953667, 421921, 701579, 117645, 640401, 457482, 629698, 490071, 319046, 587697, 411217, 728909, 811290, 777952, 258894, 258949, 456484, 537893, 604384, 347817, 582313, 527667, 140783, 303297, 505075, 154366, 335066, 924661, 180490, 391122, 937858, 852362, 443340, 477244, 990229, 486781, 172648, 342976, 674263, 235433, 510509, 347541, 605355, 758247, 139535, 327323, 137951, 567826, 313830, 868199, 873499, 781993, 528193, 895591, 312561, 782908
716835, 782751, 524679, 901758, 979860, 146389, 141766, 788971, 366279, 174193, 883646, 860606, 271992, 620349, 921827, 643761, 166953, 112937, 845537, 874503, 624229, 751283, 962191, 743815, 565117, 956383, 254539, 965550, 525311, 648399, 339478, 593190, 239764, 410126, 812701, 394698, 168879, 410179, 932414, 327983, 469177, 465345, 767502, 241836, 871018, 901019, 678524, 620987, 983474, 134081, 310614, 840821, 707935, 794138, 537926, 452170, 325533, 915395, 251099, 130943, 497963, 388461, 932473, 135628
639965, 363017, 788377, 277797, 848983, 425113, 580216, 867131, 427826, 209134, 780012, 218258, 665315, 905314, 700590, 310335, 671472, 913892, 532346, 832284, 398106, 909197, 256373, 291127, 881060, 430008, 271653, 972067, 186663, 644386, 116338, 164147, 905014, 941193, 962378, 225758, 118893, 235185, 629661, 117297, 493007, 558617, 543314, 792365, 922627, 260034, 214253, 124207, 256319, 758288, 272177, 737604, 907843, 179782, 600767, 877536, 832047, 126243, 956323, 475596, 532389, 864341, 231319, 265843
867121, 442973, 961735, 154804, 326695, 443191, 772962, 275951, 230048, 276925, 881274, 364040, 330857, 568010, 722907, 720408, 904125, 464933, 120304, 168058, 792303, 761631, 702666, 794211, 875111, 465550, 311163, 452872, 332554, 751348, 329874, 410468, 511486, 855459, 739078, 528091, 708080, 190325, 624348, 327812, 125470, 516267, 686450, 927240, 725072, 566508, 580450, 360280, 732947, 872500, 614225, 786231, 846034, 617383, 810455, 364147, 962442, 798657, 483704, 611895, 616023, 361601, 672711, 627910
169900, 700764, 964965, 519839, 259335, 768305, 448890, 628946, 496503, 636190, 388049, 789519, 544399, 894606, 237370, 409156, 460932, 194231, 671989, 845560, 810748, 102910, 674983, 628775, 269144, 785490, 360414, 204710, 547283, 831107, 379846, 311434, 894518, 937479, 834831, 677802, 856376, 733361, 917371, 297420, 798270, 171891, 804584, 709012, 411069, 866127, 834002, 476370, 772842, 338378, 770026, 851102, 122368, 325422, 355518, 469305, 309613, 716902, 639934, 227095, 321932, 859579, 224896, 404996
725469, 232536, 180269, 164156, 762872, 495560, 892098, 491678, 874399, 760863, 194196, 591719, 351359, 116314, 654906, 684465, 851188, 594055, 577785, 720608, 882722, 824868, 577052, 435535, 322055, 958097, 874415, 476226, 490839, 235388, 510661, 297062, 638876, 237091, 441989, 953694, 245369, 755459, 737638, 206976, 686103, 628801, 461227, 832593, 594318, 389882, 879393, 323524, 769246, 837563, 242120, 280725, 217946, 358472, 325951, 873487, 538955, 483109, 939697, 513933, 351520, 582090, 944216, 252344
679429, 350982, 923185, 651023, 487890, 599674, 483317, 491235, 928965, 510220, 155878, 304969, 692295, 525167, 854193, 864587, 407717, 824154, 245446, 689013, 919380, 267016, 392815, 314762, 457953, 707208, 883202, 270373, 487070, 927324, 698747, 677966, 474270, 658762, 162124, 959839, 860661, 652127, 124546, 935649, 826901, 485800, 134350, 665286, 169121, 916482, 554447, 332831, 128111, 451087, 837515, 335008, 782578, 759691, 385929, 842365, 828812, 231258, 245787, 684674, 293511, 958967, 352075, 672008
320014, 685812, 694920, 495974, 803882, 700016, 771314, 245800, 101501, 782554, 129932, 141686, 910275, 750178, 693290, 649793, 653119, 463030, 824114, 634869, 599190, 630340, 949322, 981732, 754462, 293146, 912929, 508052, 364031, 527737, 417457, 383659, 138974, 711137, 570165, 319344, 851325, 433909, 858629, 821606, 334188, 338134, 274822, 661323, 149514, 468706, 685681, 698271, 749617, 263286, 927081, 272923, 690675, 234473, 213487, 680126, 875972, 734567, 105932, 914247, 286089, 725798, 643099, 861268
744734, 768788, 441394, 776299, 455386, 272673, 943595, 549383, 142335, 837180, 331317, 394459, 642079, 417289, 730943, 266313, 898896, 388240, 837476, 201650, 261067, 366412, 483819, 259950, 828068, 709591, 563590, 329236, 799887, 146701, 689847, 636727, 129913, 755426, 457631, 777353, 948763, 283744, 560773, 965857, 516478, 858360, 456170, 773610, 779119, 192929, 801831, 606506, 850108, 432951, 662126, 376061, 742450, 659067, 513799, 118599, 847783, 823051, 465973, 808396, 552025, 171134, 745756, 323954
186512, 183353, 515620, 355976, 643093, 420253, 362573, 887180, 985654, 856359, 887592, 254824, 225576, 369376, 298226, 814267, 428504, 761248, 110681, 554945, 344410, 462085, 157972, 276518, 166085, 150136, 479832, 881988, 356141, 171377, 133431, 958371, 246700, 278450, 886013, 857013, 561357, 490832, 767140, 922691, 264122, 848761, 566854, 253970, 452830, 654553, 379086, 379037, 763175, 589629, 512726, 293825, 460125, 818829, 546442, 433194, 202496, 284272, 207582, 366704, 370632, 959239, 923083, 963875
268395, 728552, 598308, 452156, 543034, 760889, 166612, 346152, 986689, 879536, 635237, 434156, 796453, 267468, 841870, 959870, 152693, 286435, 808807, 885167, 139107, 710730, 931723, 341245, 634390, 473168, 336105, 490171, 680118, 488593, 248878, 506423, 629781, 153387, 422802, 658583, 507617, 556619, 577204, 568626, 291348, 225230, 477122, 594133, 835634, 450810, 134285, 764604, 546199, 373697, 433883, 924164, 927203, 939275, 835765, 357814, 130056, 531747, 479116, 778313, 160927, 187189, 665496, 106192
118774, 395541, 996415, 348942, 239168, 669001, 523666, 142908, 534856, 893201, 979492, 808342, 908837, 402843, 243842, 756875, 334971, 319422, 555941, 759439, 217733, 257397, 278218, 223119, 123051, 539972, 945211, 794954, 494403, 327618, 885093, 999635, 440966, 577740, 946782, 995699, 454213, 409664, 752615, 434003, 777626, 209995, 994466, 817160, 898515, 351556, 878782, 577716, 217604, 625195, 311011, 986939, 326045, 547131, 704429, 419712, 583734, 834527, 494490, 600548, 151479, 395278, 486150, 652015
942205, 251376, 464091, 251735, 677453, 340472, 888124, 395554, 208307, 648172, 733903, 790507, 141020, 840922, 278388, 982607, 418694, 185543, 646824, 619763, 241608, 991996, 638455, 559381, 639997, 556507, 714978, 377285, 176061, 694867, 855157, 934850, 858316, 188768, 937550, 278643, 335608, 395126, 283299, 561314, 640601, 960304, 810852, 914204, 721612, 498166, 836502, 890270, 467113, 693032, 686447, 498880, 783211, 279198, 423018, 806163, 824497, 765928, 218939, 879800, 789195, 155057, 340639, 341441
488639, 551145, 282496, 424656, 386707, 810708, 593889, 830071, 146430, 253519, 462426, 646973, 482756, 352147, 261854, 633140, 794783, 425182, 434527, 190374, 780264, 432370, 637922, 275734, 687402, 322618, 185269, 248304, 898853, 985362, 927626, 344671, 885455, 992699, 748043, 295535, 257818, 477729, 268715, 164215, 866906, 216259, 650272, 333915, 127546, 917901, 877070, 980359, 506006, 316275, 835128, 243195, 667081, 125138, 998635, 323763, 156515, 138067, 345213, 635615, 387794, 751444, 166405, 819005
617028, 532466, 302258, 909144, 352510, 566610, 628943, 878871, 622047, 853358, 684159, 254904, 395327, 923804, 944111, 550504, 450162, 497445, 895229, 716501, 373082, 625981, 778941, 961492, 583119, 250716, 261116, 952354, 540653, 604435, 629785, 356708, 487203, 342611, 262629, 204315, 172180, 973632, 684032, 904326, 367836, 554396, 478086, 522856, 637601, 886610, 100926, 692113, 693853, 971482, 808301, 162853, 267487, 173242, 595605, 991794, 703526, 330997, 661312, 312199, 323795, 307400, 650091, 382292
335511, 662479, 749480, 916591, 677022, 466896, 994555, 812358, 294249, 533498, 406649, 643242, 717183, 508513, 782762, 734892, 520615, 375893, 376508, 555527, 598802, 347913, 311758, 465399, 411177, 874336, 415832, 542895, 193378, 288171, 428161, 658828, 377669, 253816, 583127, 796312, 767498, 711882, 798769, 960194, 624571, 565841, 717538, 149410, 360242, 422025, 466278, 932110, 346302, 206437, 934398, 149216, 707503, 199273, 888085, 764039, 769371, 409606, 713693, 565888, 950516, 532753, 990207, 787628
870321, 898997, 520668, 925531, 285853, 506458, 210342, 749178, 326445, 454451, 510437, 902924, 253105, 690645, 202885, 308555, 478991, 502245, 800104, 437613, 772404, 267363, 244161, 170544, 989854, 818915, 116544, 848576, 934245, 375082, 691514, 250440, 484303, 632959, 871816, 633700, 910351, 862288, 390177, 622640, 959151, 753639, 285870, 273191, 331366, 500076, 701666, 988764, 540365, 349048, 749496, 222779, 574431, 651513, 913376, 201716, 231152, 590815, 367350, 492792, 156326, 636528, 784311, 235668
290953, 721424, 501524, 994804, 688159, 761264, 164294, 646205, 427477, 634230, 454981, 649373, 571065, 942829, 211873, 316607, 396442, 939690, 991897, 241561, 490895, 233359, 157143, 573059, 330917, 983397, 924751, 185478, 708063, 919075, 745010, 226774, 526800, 329676, 784173, 609059, 483665, 810965, 874013, 407270, 835574, 227139, 685984, 101371, 725860, 576190, 542100, 400261, 259870, 490399, 689630, 159791, 894422, 359107, 136579, 840404, 737547, 726911, 837717, 702431, 407359, 750570, 802808, 754154
437423, 698243, 412076, 117993, 627965, 664376, 388845, 520953, 543542, 195859, 573814, 497591, 690698, 820013, 914179, 436594, 936013, 747185, 508961, 781479, 828143, 333036, 135012, 237667, 675901, 883484, 444458, 402786, 806219, 341590, 342281, 917036, 295314, 682872, 469829, 206904, 312471, 778449, 138973, 469766, 218345, 272565, 611093, 676111, 967629, 599281, 882550, 924048, 636243, 478987, 125672, 503937, 592647, 507896, 689512, 844720, 196207, 686909, 555503, 256259, 399870, 747875, 152435, 546713
824556, 251140, 804348, 679998, 608974, 299537, 419735, 164509, 216080, 879022, 859609, 428774, 526860, 919101, 713592, 297847, 176905, 882559, 765966, 312591, 590739, 303652, 199289, 709788, 514741, 895338, 671347, 224664, 749133, 373807, 145601, 827189, 441299, 619644, 846787, 934067, 811691, 201467, 152145, 275214, 924586, 604155, 870490, 641166, 558474, 653633, 745203, 480194, 230271, 401653, 952193, 551029, 191901, 969661, 530724, 687019, 204827, 279057, 313914, 699250, 712520, 181368, 277225, 131410
566872, 594469, 773810, 138325, 610445, 513346, 876698, 617884, 138419, 875450, 525935, 974134, 547114, 353506, 255198, 174626, 458032, 221879, 230729, 260798, 998828, 120609, 476101, 286868, 765268, 815510, 367242, 769802, 449800, 748758, 834709, 287754, 758117, 565052, 190891, 644826, 916160, 282381, 991854, 461920, 151552, 589993, 969120, 186052, 274024, 224552, 341308, 637063, 411876, 502050, 420513, 393405, 606243, 168686, 419706, 622302, 386768, 114745, 868451, 600491, 214940, 546983, 245522, 970514
978935, 922974, 766102, 907218, 152929, 215717, 533963, 640074, 379033, 991425, 527578, 943566, 361583, 728892, 996440, 842479, 683897, 279975, 674155, 449646, 621477, 397376, 648034, 596488, 211683, 232952, 774756, 435699, 240910, 736907, 460434, 559956, 262047, 319287, 755704, 871035, 433542, 960105, 568610, 687197, 389597, 283828, 134430, 585779, 817310, 264601, 463678, 422377, 265945, 564376, 158982, 176026, 831102, 374373, 660763, 307719, 220862, 149384, 807128, 112528, 649845, 914202, 747617, 909041
848122, 280073, 572373, 941130, 863128, 917170, 330370, 846456, 788183, 933012, 564897, 781411, 350711, 544939, 385651, 353498, 399812, 607305, 518561, 869919, 904553, 480312, 641331, 649105, 447990, 938903, 660457, 859684, 150907, 740629, 280108, 788343, 292952, 213221, 225955, 556591, 541135, 653581, 894439, 111488, 919326, 706412, 454603, 585392, 853102, 929276, 305214, 869371, 964386, 102878, 489394, 847363, 273069, 318397, 362059, 869517, 789725, 432675, 130061, 601078, 517069, 546523, 142110, 935910
209889, 932583, 998414, 887203, 526554, 769764, 660432, 167477, 748529, 741358, 965525, 274982, 365331, 907407, 326164, 698558, 318958, 776704, 934672, 445351, 350664, 334725, 352436, 792165, 482441, 208504, 862668, 821624, 439270, 919191, 353252, 359341, 832712, 462008, 280221, 786307, 716203, 598674, 334259, 350932, 206172, 446664, 658472, 280423, 673722, 730918, 475359, 881066, 641533, 453400, 388840, 707200, 460363, 879839, 873499, 190819, 732396, 682219, 392559, 718884, 962550, 572553, 966992, 162128
662504, 410076, 844472, 844210, 970893, 292539, 199055, 599125, 999975, 193559, 234293, 545872, 611480, 416003, 366978, 736501, 668634, 793152, 612685, 585825, 178090, 939389, 128523, 774577, 102280, 678789, 831841, 894598, 987691, 714866, 858816, 137037, 615263, 315791, 927243, 816067, 372487, 894062, 973264, 499563, 598794, 547682, 835698, 817633, 553961, 846540, 853546, 831898, 755669, 275899, 669388, 942421, 457583, 662860, 310176, 130206, 983422, 240250, 975337, 955386, 398886, 137328, 970175, 685703
527859, 828846, 286076, 229231, 843173, 656778, 935689, 632697, 400966, 706198, 727735, 616495, 272103, 927871, 884544, 549491, 786444, 734610, 777863, 550357, 914665, 530581, 115051, 572656, 571563, 297232, 852476, 549538, 384665, 893468, 582461, 420839, 778425, 984533, 553764, 302803, 222779, 901441, 411487, 471535, 550890, 656255, 197523, 107638, 569672, 842651, 638444, 133256, 446852, 731888, 101551, 935709, 105245, 665928, 182746, 627969, 727246, 840182, 135341, 274137, 899583, 725709, 814974, 644980
257410, 271657, 116851, 862731, 555895, 887342, 632530, 769036, 446574, 347217, 911269, 802499, 231811, 703742, 295322, 615959, 379116, 755514, 662005, 311052, 558190, 987375, 595318, 966117, 222236, 161628, 207300, 131343, 372148, 750645, 776742, 980424, 884649, 789269, 577803, 704350, 930327, 763306, 396062, 448859, 185529, 922169, 918316, 458422, 604390, 106852, 826028, 931908, 579962, 264940, 191544, 814247, 320327, 880103, 535866, 264836, 450878, 349304, 723392, 787047, 185074, 108605, 917697, 299264
547334, 448463, 792596, 890329, 268565, 100456, 232517, 296588, 917313, 524768, 299647, 946071, 431390, 362413, 385944, 197366, 464031, 773405, 502348, 335933, 192110, 779295, 156532, 149492, 481307, 931257, 769904, 567520, 734210, 883149, 351858, 413129, 746155, 457106, 466060, 997236, 645468, 876632, 870245, 269404, 648464, 575061, 635235, 444496, 502199, 798155, 302642, 913515, 975004, 567089, 811689, 871918, 190014, 677357, 704402, 100542, 549013, 953093, 657618, 340050, 766112, 144631, 968467, 307507
233788, 106620, 578539, 753441, 898464, 778453, 339051, 566081, 790192, 913295, 716577, 332318, 926253, 517969, 973113, 736214, 728345, 659901, 658866, 963671, 701754, 332054, 305581, 798850, 314995, 461165, 861207, 900029, 686419, 565354, 195125, 859226, 768733, 553024, 410668, 176176, 561459, 757681, 969112, 469481, 876424, 801637, 679211, 323939, 261383, 911966, 548354, 314440, 554809, 504910, 325646, 696535, 778099, 133341, 652237, 990305, 396678, 932920, 971080, 884515, 659040, 129979, 142193, 619577
478968, 250039, 996531, 140664, 515623, 644538, 281605, 892616, 973824, 830719, 856025, 140097, 174234, 629989, 202247, 792407, 856686, 237339, 634324, 486441, 269886, 157824, 553382, 536379, 796210, 216440, 299996, 603655, 114080, 527279, 541575, 949123, 500319, 558489, 382613, 636055, 883907, 850369, 394470, 672454, 333964, 522592, 317737, 724954, 162466, 495830, 659372, 831097, 851391, 209102, 907384, 812738, 185796, 856743, 719321, 581003, 401916, 241797, 752313, 428864, 619045, 692954, 376542, 530230
979103, 683652, 211746, 109126, 930883, 334613, 408681, 131753, 769906, 788555, 857014, 720594, 510673, 394930, 716320, 108158, 380249, 379632, 278612, 146633, 720936, 803045, 509645, 957260, 102612, 203808, 216225, 853113, 160572, 580192, 573408, 140234, 380052, 368239, 406946, 152193, 564932, 886710, 211141, 209311, 670139, 631211, 435176, 640819, 243419, 718984, 903616, 353051, 134885, 248275, 426820, 556037, 109004, 655682, 226410, 654898, 320005, 395052, 895164, 929242, 460669, 139792, 466394, 395433
475077, 202108, 547401, 550495, 136320, 602450, 911248, 795919, 280824, 664250, 262037, 662949, 196307, 324516, 381721, 859105, 606489, 303126, 337299, 668954, 402721, 727355, 918336, 157505, 912193, 928755, 151146, 742261, 427101, 164161, 761425, 486012, 389234, 688999, 704863, 622063, 534459, 430661, 350312, 632775, 934327, 305629, 386590, 554219, 476609, 284763, 398660, 186937, 860748, 892143, 903178, 654807, 928584, 824061, 924120, 316694, 625018, 529730, 493498, 934988, 853261, 953509, 543045, 646952
796503, 184263, 947830, 774026, 226320, 305761, 764212, 734864, 451255, 299550, 849814, 659534, 893766, 597403, 873007, 908473, 785260, 273197, 645445, 926434, 703430, 334446, 288819, 491938, 699196, 169144, 585581, 158463, 487420, 945147, 587779, 718938, 712079, 477813, 701705, 332558, 430629, 644468, 662594, 682510, 431746, 717555, 837568, 529307, 588514, 899118, 913832, 115483, 190195, 261484, 979531, 554998, 582335, 630634, 294762, 609621, 931142, 776417, 136335, 554800, 794712, 491550, 506467, 569098
413047, 382048, 101963, 619125, 255331, 616658, 801495, 234604, 266887, 696213, 192013, 283643, 821812, 188805, 328835, 111946, 651361, 740828, 261503, 451869, 293523, 413627, 654247, 910356, 939022, 826328, 769449, 503964, 273987, 458051, 882714, 876863, 211480, 576106, 700187, 971154, 930172, 232592, 455420, 361567, 466905, 332334, 262577, 490697, 281686, 295621, 251585, 832420, 283671, 953484, 119529, 314681, 481175, 769339, 690776, 340650, 102177, 156937, 457925, 108603, 706071, 658879, 819320, 750157
737065, 374002, 181905, 505807, 339213, 401349, 359894, 983255, 152347, 293928, 694104, 121969, 490943, 849618, 438606, 604385, 262894, 517212, 141662, 395518, 158541, 654012, 554839, 947104, 848911, 562775, 504008, 742777, 671231, 631345, 209929, 477707, 950199, 341409, 144699, 996343, 601083, 686814, 252098, 631941, 480612, 240983, 213696, 526991, 553395, 897913, 349650, 460219, 597869, 506960, 513869, 508347, 759884, 511153, 984410, 555817, 184854, 112885, 595245, 165512, 984839, 571065, 625037, 759833
978093, 810838, 654073, 119104, 381406, 441199, 424900, 551861, 414021, 498269, 391763, 131434, 106587, 149932, 761379, 265756, 784841, 370417, 961200, 136719, 389719, 532578, 163765, 135246, 676442, 716134, 569976, 128956, 104276, 750137, 929758, 735883, 957643, 111953, 743662, 223636, 704749, 191078, 704552, 589912, 335999, 538135, 121323, 229834, 884592, 594753, 471659, 776027, 305234, 243142, 781248, 803767, 565088, 958118, 282509, 505137, 134672, 997499, 429863, 688137, 424942, 287818, 597086, 390530
431357, 305862, 151600, 516568, 341653, 469627, 901293, 290548, 173838, 618579, 882378, 192524, 184414, 269183, 284728, 529503, 658031, 872432, 744824, 147634, 403885, 402758, 461155, 979682, 539226, 695993, 560845, 591657, 362343, 232549, 868221, 500433, 116962, 631682, 791740, 287585, 679332, 296733, 489857, 248154, 133293, 345182, 111179, 995922, 721878, 551957, 166970, 168995, 228124, 747009, 152384, 891245, 664413, 708608, 171877, 450217, 389191, 992530, 956936, 806723, 861109, 544055, 425590, 723456
987189, 815468, 923765, 897770, 780945, 218722, 662571, 203812, 419035, 661081, 674470, 191889, 575974, 229792, 533563, 430146, 200945, 857361, 174113, 703861, 152887, 103005, 321546, 421267, 252268, 813383, 230099, 729615, 743681, 387444, 924335, 540462, 543748, 915514, 235606, 279483, 204604, 164574, 287225, 627606, 150667, 815802, 220272, 919880, 787491, 973741, 446338, 439651, 791648, 442905, 675485, 386697, 736038, 324162, 488551, 956582, 199433, 204845, 742788, 647403, 583696, 369002, 900792, 370686
843298, 114205, 827666, 226707, 402527, 223505, 833868, 598847, 544815, 794025, 246098, 963865, 849137, 783576, 205086, 289790, 463068, 989501, 401192, 811111, 555403, 895274, 807212, 553367, 522981, 865292, 575874, 941105, 512837, 793643, 435118, 738525, 987079, 346641, 911068, 697781, 305665, 707820, 609418, 706124, 376439, 852717, 378491, 215274, 949083, 443651, 371706, 296117, 377238, 348523, 463027, 579993, 331922, 487841, 706264, 863608, 245349, 158948, 898190, 808125, 897136, 272303, 931657, 449476
354037, 232498, 750130, 336936, 186319, 856533, 703621, 631930, 146551, 724469, 876823, 363053, 169739, 253925, 548758, 906770, 684906, 865037, 556945, 494885, 968117, 115153, 441742, 645065, 851206, 972550, 213069, 536368, 263178, 690826, 448042, 651531, 475442, 430174, 622365, 329241, 902109, 706026, 488798, 484289, 817408, 186260, 448034, 611997, 817778, 546558, 340105, 668595, 360897, 918233, 361289, 806609, 600917, 448552, 121910, 528299, 206242, 707112, 533645, 540666, 807001, 951032, 967743, 914775
286665, 175047, 620932, 574873, 694597, 963269, 734941, 553182, 767573, 717580, 780169, 347346, 303661, 717082, 819112, 778461, 399856, 303722, 138777, 343402, 807527, 121691, 678191, 752960, 454197, 534801, 370983, 362789, 183059, 524893, 932395, 816280, 478293, 292368, 369279, 337006, 734704, 617226, 249095, 589156, 269071, 272946, 814218, 827095, 572129, 195277, 616361, 884311, 233894, 556077, 731978, 343961, 399249, 866953, 858084, 733690, 449240, 861071, 211950, 526071, 399859, 647299, 130861, 555547
947751, 348550, 978075, 817531, 946144, 692354, 135416, 855915, 621205, 367840, 262914, 843982, 497328, 877060, 951771, 273221, 518258, 498969, 972673, 491932, 925560, 628581, 594262, 995609, 137252, 976383, 390966, 927165, 315513, 398881, 563562, 500451, 626159, 131464, 201523, 577969, 312276, 720710, 257658, 443982, 565052, 429953, 936633, 111021, 529035, 356759, 873180, 585706, 775136, 702941, 333430, 424108, 853829, 431972, 862039, 746153, 502173, 509451, 321034, 870960, 307504, 340092, 555774, 951724
333580, 904781, 544647, 914396, 459317, 547871, 907207, 697066, 396511, 263886, 404190, 298400, 937901, 433683, 216814, 955828, 870919, 126305, 482567, 620058, 100180, 494694, 321032, 221773, 332833, 772113, 144830, 410253, 230694, 729979, 442886, 399778, 836732, 814682, 723351, 170740, 515657, 488786, 737953, 735580, 611008, 610765, 219690, 877811, 733377, 119186, 981251, 469799, 335694, 256462, 172214, 753124, 745075, 355191, 210128, 524737, 448856, 922783, 380588, 104216, 511717, 945830, 963597, 821591
946021, 436471, 606605, 714239, 211370, 532790, 606561, 105455, 475889, 904838, 527632, 545505, 384945, 319520, 897271, 148790, 399511, 487004, 149304, 693329, 730244, 384534, 153136, 677749, 828121, 686396, 381123, 860658, 332101, 550089, 490998, 292438, 603617, 235811, 672001, 146691, 558183, 500415, 497918, 546335, 495232, 956240, 925405, 308791, 717062, 844697, 353034, 674145, 983899, 273815, 688127, 152188, 705990, 538127, 205685, 731637, 247309, 492600, 347907, 589503, 772243, 102757, 479535, 923446
