240362, 798444, 887303, 481093, 147130, 723278, 719119, 200581, 814371, 903437, 281982, 886693, 251230, 182864, 910260, 315470, 323942, 500202, 577446, 269075, 420460, 678039, 931720, 324762, 724223, 174767, 449629, 385708, 358324, 195808, 169742, 287786
853794, 532692, 348992, 220963, 524953, 962703, 734179, 145287, 474834, 170538, 227086, 507045, 822935, 704452, 674795, 522297, 491798, 384943, 239073, 540246, 268561, 485615, 358190, 558182, 694188, 317472, 578665, 580583, 144581, 217676, 160398, 373573
762824, 834422, 458398, 928113, 565347, 121855, 817468, 210638, 339197, 541046, 830855, 270919, 455460, 154853, 970172, 240341, 664278, 171167, 567406, 426211, 968527, 789581, 557393, 349199, 105110, 990275, 864667, 544465, 825724, 484171, 188457, 182565
124003, 120929, 330759, 742355, 913932, 882265, 577323, 734392, 930979, 373987, 359969, 912314, 792780, 878816, 228132, 524682, 385710, 501064, 726854, 418026, 665466, 927955, 346941, 137251, 732980, 348403, 713917, 120797, 227394, 238605, 170914, 902414
348341, 436389, 100801, 241384, 419926, 874646, 312070, 546893, 328961, 548032, 565704, 389871, 625842, 529462, 145632, 123762, 234920, 528261, 375173, 469346, 125051, 236068, 504865, 619813, 578189, 475922, 636830, 608912, 780521, 809424, 909752, 893369
208158, 420533, 935612, 130136, 831908, 986166, 738011, 850614, 772564, 162704, 608800, 701176, 501444, 467241, 550049, 642704, 153874, 687904, 386198, 798349, 916532, 804756, 462528, 658705, 424494, 963999, 311010, 560574, 369484, 393909, 299005, 429836
371993, 516365, 343594, 635971, 279402, 252423, 248043, 244664, 997315, 585226, 116807, 588861, 745999, 298348, 345730, 611461, 739378, 603132, 460383, 252958, 853429, 813549, 892686, 904483, 667394, 299388, 822202, 387223, 451089, 969416, 775250, 762801
761227, 933120, 273647, 821797, 702802, 350883, 512511, 392916, 989404, 448790, 309423, 536607, 979781, 683965, 912993, 925209, 948834, 814960, 869581, 125120, 449363, 487025, 196840, 108999, 711989, 804186, 101837, 961879, 111349, 298628, 147772, 292897
287553, 922296, 780833, 116426, 494061, 574907, 380435, 425203, 149582, 398868, 876219, 382573, 945671, 489215, 593828, 169090, 843550, 641400, 561509, 423395, 327811, 372111, 867413, 119831, 143120, 123978, 555620, 239877, 260273, 682828, 582609, 653230
836487, 274128, 282710, 130475, 139797, 615082, 668578, 474483, 769467, 774294, 590611, 323362, 816536, 128428, 948396, 781513, 592059, 197129, 980870, 645547, 192794, 712544, 500725, 435336, 527739, 841219, 533713, 521492, 287093, 184004, 148372, 851143
904037, 716727, 388146, 502464, 808687, 197696, 626604, 109750, 367683, 205670, 861327, 818141, 621170, 643886, 104222, 538383, 448277, 464651, 164773, 954130, 939747, 497930, 400882, 408804, 325919, 267132, 620849, 537819, 902423, 924876, 524700, 286868
883943, 293573, 328672, 569090, 210338, 517844, 801937, 503547, 932350, 153095, 290430, 198989, 745828, 547000, 410348, 128316, 895509, 256138, 351146, 169852, 889664, 836199, 798296, 167151, 484456, 412635, 871022, 582217, 892664, 336004, 456397, 726980
117694, 753098, 517186, 208642, 911643, 696194, 913355, 231829, 743962, 332861, 208541, 608597, 793462, 637795, 616641, 488252, 934019, 974863, 846229, 688365, 124614, 674117, 694111, 246032, 239004, 488193, 181390, 464322, 371346, 921254, 553123, 278019
253703, 880675, 461618, 522238, 507685, 983180, 445618, 786882, 388211, 181742, 318791, 167288, 486428, 333066, 187167, 184572, 706764, 957695, 380177, 940421, 335040, 712887, 903306, 115897, 504076, 861831, 240520, 782097, 974346, 420144, 558812, 427146
182731, 140630, 966927, 131111, 223333, 859087, 732831, 475235, 279161, 305667, 180102, 993774, 683071, 849394, 626740, 923354, 671291, 901424, 438513, 116966, 119747, 204383, 853227, 922454, 634131, 148212, 414837, 844640, 962356, 164256, 373704, 816203
251705, 681281, 803668, 151723, 307804, 577896, 226781, 632560, 523579, 941772, 521858, 109705, 620939, 930530, 126054, 600670, 729560, 804848, 929401, 634050, 918078, 923098, 853119, 164633, 361451, 249656, 288410, 214500, 110567, 377775, 826305, 341688
591858, 521277, 185846, 194432, 467569, 831831, 514251, 177083, 577439, 263379, 346425, 352234, 638522, 650571, 581375, 202243, 364717, 324692, 396796, 584003, 715452, 374282, 652742, 691138, 606261, 587372, 366812, 602572, 757740, 217347, 377637, 662991
791060, 988824, 731217, 734922, 957470, 505893, 508802, 379047, 291809, 952215, 641551, 572769, 619027, 198028, 984072, 938601, 949530, 710063, 636441, 838892, 986908, 628584, 380381, 191336, 312059, 163038, 608716, 498544, 332073, 547585, 485159, 461536
386183, 218872, 444949, 363732, 854602, 462239, 433775, 835582, 219246, 820651, 843566, 306758, 216774, 309203, 729466, 196529, 720870, 487935, 353625, 690108, 456307, 715097, 829077, 330398, 393742, 347404, 181901, 548440, 971516, 995226, 246395, 613642
879465, 930976, 751850, 143532, 758170, 159793, 336756, 101417, 455830, 316451, 964795, 986081, 170708, 144520, 863126, 557382, 338570, 996343, 530687, 743393, 814159, 979196, 292486, 349960, 950023, 939061, 382318, 541628, 338972, 877781, 525158, 429064
470639, 228040, 986841, 312328, 648304, 640302, 774250, 339928, 148271, 238039, 566299, 118178, 791413, 473841, 372831, 486375, 940041, 367955, 259383, 918341, 729784, 115155, 820238, 479787, 527097, 537901, 424476, 127602, 903615, 540401, 719139, 180196
174541, 453278, 316179, 111945, 290880, 559563, 749748, 611303, 392310, 478775, 370566, 265227, 589648, 425251, 214919, 169381, 804883, 589651, 344361, 518900, 265678, 547094, 815870, 921849, 805984, 671505, 760445, 841370, 625887, 202589, 259597, 952439
807731, 922456, 116738, 644425, 746916, 572352, 885240, 554746, 648564, 440036, 801017, 930268, 282884, 112450, 380288, 974005, 608161, 122004, 981944, 968639, 266084, 277012, 322664, 868761, 681353, 421324, 519311, 323980, 816587, 753961, 800488, 311748
772013, 621646, 907608, 358140, 987123, 118752, 612553, 202412, 271526, 648665, 981408, 192846, 954806, 691058, 287765, 227727, 745337, 209762, 748202, 504804, 708754, 133202, 904948, 833619, 799128, 989676, 425898, 868406, 440246, 678256, 875546, 340876
994740, 340801, 905778, 448697, 944629, 258849, 796853, 765321, 754037, 809948, 587290, 219817, 921204, 347874, 147078, 283645, 239040, 826935, 989995, 924385, 823361, 267539, 294009, 637874, 245802, 378017, 150096, 842267, 747118, 149790, 100890, 292380
497490, 171738, 505172, 675527, 834054, 497770, 437743, 667277, 275932, 412840, 884510, 323888, 940268, 703623, 504089, 624465, 623740, 563544, 204736, 208659, 118570, 192042, 360345, 208987, 123260, 200017, 685333, 484037, 539538, 375266, 973306, 368132
108269, 330230, 674620, 733686, 384998, 594709, 278776, 149351, 400206, 559841, 986616, 320801, 953452, 367761, 122723, 199222, 321829, 254611, 676501, 166542, 674880, 773350, 271296, 133289, 440926, 177008, 228869, 456771, 672907, 739548, 150550, 710040
731062, 783369, 910622, 730396, 514823, 907723, 780475, 529686, 911660, 900561, 940446, 839007, 381490, 222890, 538455, 967714, 293974, 452642, 902690, 464752, 528415, 357756, 702252, 508972, 402436, 686135, 839857, 376105, 185124, 755720, 876454, 717624
215747, 122642, 526255, 643302, 375821, 639337, 694687, 839944, 667588, 763095, 855026, 847492, 518383, 452082, 705629, 217811, 471128, 145633, 644127, 771927, 261531, 614985, 885887, 734778, 146555, 223426, 485314, 178951, 143490, 389962, 666695, 219523
836773, 375261, 368217, 556233, 159439, 193294, 621307, 462356, 239018, 214688, 709874, 684748, 884797, 192604, 896339, 953169, 319731, 589390, 909176, 762956, 207170, 979585, 953887, 176579, 258534, 987498, 882733, 112525, 668554, 567046, 637508, 401175
309673, 199163, 957971, 300975, 239696, 311316, 414118, 179790, 360549, 483550, 440827, 512784, 714660, 563644, 395002, 608482, 712619, 349406, 914748, 178823, 942163, 805926, 568552, 908186, 937998, 115802, 784905, 387231, 870544, 929176, 751221, 510514
172574, 421853, 778746, 855808, 368263, 511799, 333179, 132258, 569089, 385284, 416470, 162973, 890646, 978550, 307931, 316528, 928990, 123170, 310640, 162636, 811526, 755324, 816392, 354375, 311009, 656367, 316978, 714410, 820416, 942888, 663297, 389624
