191121, 917327, 657237, 762707, 326603, 395494, 642453, 936736, 692592, 653423, 153443, 917919, 156756, 186233, 187340, 465035, 653384, 367233, 737705, 989378, 497512, 505764, 220301, 154907, 824875, 712588, 325795, 250827, 653860, 253365, 905887, 935682, 225594, 798174, 428001, 322509, 650948, 914821, 805496, 244705, 520676, 494318, 821749, 858577, 450330, 658446, 895957, 840226, 698520, 897851, 472795, 208080, 625596, 783784, 376274, 661960, 148501, 881420, 800475, 105075, 765035, 292535, 899325, 683589
847658, 616137, 710803, 911156, 139041, 512654, 107941, 940823, 388189, 302684, 919611, 736764, 855352, 820725, 759899, 727784, 970052, 179538, 435670, 775685, 812752, 650982, 765087, 251134, 836636, 349411, 974089, 512008, 474030, 734851, 358359, 197031, 659231, 736067, 689799, 528603, 217394, 209794, 744086, 734463, 133338, 134127, 651929, 633785, 858828, 751613, 298409, 229819, 473458, 635545, 955400, 407659, 691594, 631947, 363176, 458767, 612700, 611414, 749125, 547483, 184589, 103520, 834802, 912974
390916, 814376, 165718, 313689, 381345, 814780, 986422, 275030, 712661, 578273, 684486, 492342, 490785, 517695, 196569, 356387, 537010, 420406, 486127, 745829, 484654, 402605, 176358, 975467, 724092, 967979, 474849, 706195, 226410, 846739, 732656, 580375, 705185, 867074, 974760, 501464, 317546, 839924, 132988, 714472, 113682, 329545, 830910, 426530, 870386, 417772, 392434, 796236, 826070, 760735, 648394, 763987, 977429, 488418, 266468, 720275, 979388, 476684, 561675, 707116, 609163, 915923, 141528, 765298
995009, 267362, 317059, 137885, 973200, 487123, 169236, 838629, 577759, 194957, 821358, 203780, 652168, 471668, 132834, 264785, 434934, 878335, 245755, 283720, 987599, 843106, 693993, 152346, 956729, 676298, 355413, 868654, 555802, 817165, 402495, 832798, 923361, 973264, 737386, 901445, 911186, 340797, 544048, 660189, 140513, 519895, 249734, 766840, 943443, 911117, 765980, 591368, 956856, 463473, 262435, 577136, 730376, 449929, 538271, 106309, 483243, 464528, 385586, 804855, 647564, 434679, 542892, 438790
865551, 291591, 514522, 173159, 115446, 223599, 816956, 646576, 923016, 795091, 321760, 528822, 908751, 515361, 635936, 922646, 983078, 262587, 334007, 700679, 856972, 702070, 590808, 207683, 497230, 661401, 697531, 651995, 370368, 712077, 674283, 193150, 432371, 235738, 303125, 493935, 670026, 630071, 875296, 656679, 607559, 511562, 393705, 572202, 558984, 350778, 461158, 792100, 216655, 199832, 786789, 867574, 925431, 515855, 172993, 400298, 724856, 717281, 801972, 420435, 636053, 620181, 738217, 654631
495714, 813086, 484941, 160552, 479329, 883962, 981048, 339545, 346291, 680367, 769256, 243749, 602693, 587720, 122872, 355801, 106177, 242559, 951101, 301511, 478444, 192312, 472309, 955190, 588059, 805998, 546187, 639409, 381804, 821024, 630119, 270042, 414187, 192824, 181523, 960092, 546248, 133027, 333826, 965543, 533835, 394932, 503728, 753845, 119795, 705220, 741291, 756385, 693539, 762138, 499896, 326386, 847929, 931324, 337378, 905298, 141497, 199427, 282950, 802787, 142168, 917934, 468352, 179458
274726, 115507, 717457, 274294, 338840, 896229, 273235, 191285, 839103, 914199, 254481, 770678, 822828, 383048, 516952, 195232, 305107, 605778, 905867, 260856, 748915, 561488, 474426, 763862, 473572, 372539, 473466, 612226, 609076, 444679, 662023, 134448, 356778, 517163, 997431, 343320, 230394, 137957, 892718, 724730, 158192, 593733, 679409, 477853, 685911, 579999, 136013, 493699, 894448, 264259, 808830, 494663, 646582, 737849, 894074, 333869, 519675, 334535, 361143, 447498, 573470, 874453, 275904, 971758
856902, 781435, 156170, 546654, 341496, 184418, 136878, 615839, 968639, 806014, 139684, 482481, 257262, 410428, 267430, 879621, 919582, 819813, 457340, 350779, 555208, 828755, 420535, 732216, 504651, 478078, 765424, 851044, 664610, 666642, 346925, 604744, 980388, 659337, 733603, 711059, 797204, 606912, 642999, 428518, 745787, 404881, 122100, 253471, 841299, 876579, 314580, 322486, 653561, 254113, 560581, 414103, 226525, 168611, 210701, 252194, 614958, 877857, 485089, 224258, 195628, 160924, 221035, 605295
154829, 450776, 622137, 206101, 527469, 684268, 439158, 812880, 595115, 610816, 711483, 596411, 360491, 489734, 901549, 559768, 311665, 668703, 338386, 124693, 553859, 702687, 642969, 552827, 348749, 407720, 899975, 883815, 478309, 436108, 246861, 443099, 993232, 414212, 581757, 686396, 424245, 291584, 543170, 418207, 645125, 295618, 162156, 656504, 840583, 185362, 554594, 289135, 704417, 613786, 251202, 703536, 560317, 272482, 124978, 938844, 364170, 915181, 219359, 259122, 959854, 160762, 494894, 123039
874825, 373347, 940166, 657776, 789424, 727076, 325042, 332429, 309981, 890923, 505674, 158192, 828574, 663103, 814525, 745542, 770674, 858207, 730132, 208368, 187959, 765488, 674041, 743349, 628955, 480346, 638855, 203302, 348277, 742166, 627307, 779564, 944176, 889711, 916382, 594976, 967800, 371272, 500376, 105298, 482781, 247754, 891032, 918223, 815157, 234606, 779907, 843060, 742632, 483717, 879764, 599003, 293742, 764601, 181050, 408333, 758589, 280367, 115151, 576865, 431028, 558155, 183479, 954771
303765, 417239, 763082, 736088, 467243, 407738, 992540, 591645, 690895, 132654, 338831, 485124, 463390, 156000, 378608, 449053, 385708, 575414, 705934, 678044, 683486, 853031, 868675, 597284, 856664, 740881, 857857, 284838, 829591, 913129, 528728, 382101, 357892, 520930, 122134, 207560, 829739, 673102, 589754, 884001, 962640, 373169, 244154, 447582, 875829, 920112, 392857, 814494, 825942, 993783, 452155, 582594, 355264, 620070, 296261, 800748, 987718, 609923, 560683, 374439, 381329, 603073, 928392, 445920
508173, 252120, 171115, 791518, 763080, 658523, 473247, 525423, 869453, 551008, 331742, 651655, 349281, 256728, 159673, 621815, 281730, 163928, 184848, 597473, 982775, 497958, 688921, 863075, 146518, 636783, 630637, 136542, 798447, 603088, 205879, 743525, 822378, 401910, 366871, 877296, 485756, 192625, 801641, 263522, 913649, 397229, 843327, 613798, 479677, 313634, 818302, 466438, 373103, 229464, 722633, 643735, 762718, 795531, 364947, 778097, 100964, 277323, 479741, 451561, 874110, 662787, 994250, 230627
301523, 645202, 748664, 153245, 124784, 391301, 251421, 668082, 143770, 463088, 721663, 106194, 937655, 711557, 866880, 879474, 744109, 283941, 819908, 831174, 584091, 371280, 200186, 630533, 963641, 470932, 368188, 635363, 224910, 779158, 187955, 556762, 976027, 717849, 818157, 176859, 539757, 299972, 974776, 512047, 180826, 674490, 120823, 123559, 576704, 199831, 848751, 739562, 799539, 261414, 848859, 693150, 356637, 760024, 961661, 558313, 230133, 983036, 810597, 493015, 839038, 641298, 858821, 880431
897351, 516930, 215207, 777908, 335686, 914485, 605080, 845186, 512486, 358787, 392153, 897614, 865633, 162509, 281409, 490630, 248651, 220491, 407038, 286635, 992179, 102242, 707860, 857037, 904323, 862195, 788008, 708891, 872018, 467885, 199888, 399180, 287337, 541912, 264220, 587877, 292330, 728043, 178754, 241508, 373628, 334215, 914858, 745763, 451732, 225989, 207071, 239960, 818360, 417618, 191934, 233720, 293472, 785854, 591478, 722745, 861274, 624574, 745492, 120734, 731659, 926211, 930232, 647152
108799, 921102, 391552, 907297, 884956, 956185, 913397, 664729, 993902, 816190, 109650, 865341, 550754, 950509, 924493, 678649, 558700, 780107, 780396, 303050, 881115, 514689, 116130, 498167, 903741, 632549, 294168, 542726, 187059, 417727, 780924, 929236, 735445, 783062, 485470, 378822, 433415, 448628, 697393, 803365, 146576, 781759, 825014, 251651, 528677, 862326, 903076, 192140, 694212, 509879, 495488, 421778, 559956, 948818, 993992, 221458, 494686, 365109, 277311, 355417, 976906, 975876, 129834, 118963
165887, 845741, 566202, 858397, 620384, 262608, 750498, 219317, 606486, 226385, 462272, 516004, 485758, 832840, 263883, 185062, 529849, 349905, 167599, 950590, 712045, 268695, 301719, 700583, 200467, 172139, 768605, 140878, 754744, 943481, 398100, 577538, 833507, 179429, 187385, 114395, 772708, 330765, 170916, 953253, 138824, 906922, 549745, 607408, 319791, 131915, 680966, 159840, 203877, 128658, 933735, 440715, 112778, 670098, 434704, 193622, 635217, 742884, 484292, 531796, 517144, 894129, 476388, 207584
250541, 534075, 947172, 682488, 378870, 787939, 650341, 809466, 200615, 533494, 309499, 508220, 804821, 804170, 890561, 669597, 463653, 138737, 604162, 655345, 421570, 361520, 499574, 900493, 457299, 267662, 144608, 553976, 326038, 365388, 582965, 145703, 878259, 459212, 837499, 511476, 953960, 829946, 404677, 875334, 826894, 812747, 130450, 904896, 278410, 519628, 205886, 368912, 912632, 601516, 566905, 850612, 919000, 782044, 290730, 586317, 428932, 438597, 886087, 960483, 760949, 546497, 144336, 941229
206413, 635467, 139277, 477893, 253539, 144907, 183829, 139633, 898284, 879099, 988492, 306800, 773005, 585488, 349847, 184485, 118627, 464263, 872692, 129916, 708940, 559600, 449475, 685428, 615281, 296730, 731411, 122256, 989158, 317342, 659632, 527460, 547060, 617493, 672325, 381385, 764983, 955660, 417847, 848453, 939719, 892022, 661201, 593207, 943320, 732852, 288319, 159845, 281842, 373627, 311724, 886700, 998760, 554078, 736254, 492973, 577903, 833340, 465180, 386667, 999617, 367522, 158089, 206553
301343, 117706, 817303, 173786, 430326, 800656, 589309, 817275, 767224, 620478, 681748, 659004, 213947, 331842, 906092, 925838, 414657, 552767, 824337, 892282, 224591, 116410, 611053, 266335, 798217, 631837, 980780, 359361, 931928, 797861, 791654, 379956, 998851, 253842, 785951, 641044, 540138, 812819, 190875, 419043, 146453, 689674, 828353, 458026, 347423, 740034, 181124, 767767, 242505, 872281, 545037, 560422, 518196, 539102, 745399, 800108, 797462, 368057, 475028, 620413, 881859, 269698, 867284, 808747
256552, 843170, 356911, 299614, 571658, 464928, 997595, 550395, 181464, 521936, 281405, 677081, 710961, 229920, 912528, 943165, 140833, 143985, 536125, 825432, 542581, 259038, 926405, 141789, 391989, 359174, 114897, 722492, 580883, 200196, 618493, 219246, 315316, 274328, 221700, 778475, 788782, 952403, 388791, 246143, 964892, 355363, 459472, 960079, 841064, 443537, 772992, 131351, 623102, 591493, 879835, 436877, 836345, 538575, 772425, 183401, 211086, 271413, 713041, 885311, 647306, 181619, 943503, 901186
866021, 216661, 368138, 939481, 320447, 847119, 787084, 571118, 584971, 737850, 684213, 306562, 622266, 433822, 922154, 557665, 453953, 666122, 367173, 119432, 868504, 259402, 631219, 371938, 997432, 263800, 155022, 117747, 646592, 370878, 240136, 451656, 169049, 721427, 337299, 713245, 945517, 526218, 924655, 841468, 164652, 925523, 263704, 335242, 197143, 223109, 894605, 787282, 671393, 976920, 809036, 383945, 720404, 873720, 205767, 263716, 517127, 785095, 374390, 674193, 378711, 666123, 848781, 683741
216430, 534755, 806535, 114661, 532172, 634667, 994735, 638844, 409054, 824536, 507549, 354531, 732335, 221069, 206679, 907966, 961877, 173704, 871504, 461346, 248941, 600710, 700582, 281579, 893737, 470385, 856764, 531652, 918401, 851884, 157081, 666282, 449024, 459864, 380684, 901797, 225295, 566259, 417430, 332789, 417186, 918976, 648311, 473798, 780628, 657023, 204944, 393287, 737594, 756593, 500033, 157686, 963132, 278429, 454866, 830408, 133059, 112283, 917495, 818161, 328918, 578684, 735155, 374162
122398, 333061, 819837, 151926, 322438, 725910, 717810, 852122, 605215, 837865, 897319, 905250, 286141, 623868, 861332, 302954, 784998, 282252, 669661, 505618, 865719, 185392, 956276, 998295, 143137, 440117, 824553, 957702, 190159, 676849, 580842, 124285, 259642, 983490, 440021, 132036, 385321, 763157, 866534, 575971, 777520, 631677, 330480, 976212, 126072, 943811, 939162, 136426, 264475, 675032, 348003, 342621, 999877, 901601, 155115, 431022, 884391, 835254, 112544, 704870, 680367, 250924, 530732, 533613
281723, 128613, 990217, 760379, 184045, 881682, 841213, 665181, 482921, 136927, 178202, 935170, 916896, 561541, 170268, 115855, 749496, 361547, 978404, 712336, 430411, 394395, 620889, 675780, 170179, 210486, 626667, 428579, 376216, 174533, 981346, 966702, 949884, 115313, 278183, 182736, 385740, 878808, 706067, 261813, 995287, 260702, 988536, 233760, 718870, 907077, 517477, 568934, 128523, 289187, 943397, 272888, 583325, 545803, 176888, 312625, 930020, 778620, 373428, 411074, 771184, 653547, 183485, 749292
348599, 169153, 296187, 892944, 291778, 767317, 451363, 188318, 453989, 103346, 238485, 296937, 615331, 211767, 247600, 149696, 958607, 679733, 871862, 879618, 201557, 105479, 882203, 168057, 800634, 294449, 289261, 215637, 989484, 779015, 202336, 825266, 809012, 355114, 623818, 534206, 538200, 121703, 107107, 191368, 153004, 381833, 898768, 464582, 367647, 823030, 148685, 893759, 138444, 457743, 435366, 727675, 336883, 860109, 119234, 627703, 774004, 669821, 657228, 449180, 834052, 773543, 445854, 712499
882295, 804990, 333715, 302274, 342592, 820726, 295047, 569587, 652501, 153579, 642566, 629575, 764697, 794902, 903476, 610019, 265701, 192605, 595209, 206426, 190940, 943182, 633200, 407198, 331816, 723508, 402126, 950136, 655054, 840958, 390145, 940131, 815644, 975480, 361332, 614780, 467408, 751710, 227965, 258871, 217561, 984273, 315031, 509901, 189904, 571391, 814669, 290364, 402964, 498463, 640988, 551352, 239837, 538030, 288072, 628658, 169124, 960345, 972523, 799566, 224287, 656384, 375389, 206512
509006, 376004, 683973, 932510, 506515, 306793, 749019, 312598, 655207, 462113, 911874, 964731, 691457, 447600, 312267, 573677, 608710, 139147, 431709, 432622, 625812, 530481, 829784, 581791, 807060, 153827, 319155, 935371, 278915, 955387, 342499, 425444, 330521, 583917, 890339, 911529, 467177, 554158, 915206, 731456, 675651, 828601, 902564, 336920, 193156, 841323, 602578, 125622, 712970, 739447, 818945, 176092, 429422, 706477, 675402, 684688, 293687, 183326, 649862, 885128, 111068, 250198, 849676, 175979
564483, 410876, 672965, 797358, 340087, 951214, 536404, 125967, 923462, 509663, 816359, 155141, 657643, 573982, 903908, 533904, 290154, 314858, 568009, 148752, 521117, 680757, 104914, 135577, 862996, 815242, 313112, 927354, 172079, 462955, 289010, 437387, 562527, 924887, 782997, 367736, 834449, 975434, 176434, 663803, 158278, 163133, 551769, 558292, 124624, 821977, 285796, 100054, 659927, 365576, 543534, 896180, 119934, 357170, 399304, 454719, 637558, 404672, 476097, 712029, 951914, 808882, 484801, 645017
562943, 835835, 156775, 780473, 311739, 751692, 157490, 756101, 241004, 700150, 298577, 997315, 153480, 116420, 779227, 812669, 744067, 399528, 440939, 117649, 397660, 943761, 875941, 808746, 920826, 765057, 505467, 557971, 855214, 603525, 602323, 220729, 196408, 941988, 610014, 186889, 177095, 834378, 114917, 226389, 997115, 520731, 299381, 515748, 618892, 435721, 478141, 212529, 100147, 436118, 276035, 337549, 289123, 225278, 501913, 957706, 724063, 278358, 217374, 762943, 710682, 226306, 407238, 285705
788395, 321726, 216079, 346136, 921909, 819253, 678253, 420522, 346874, 590547, 990322, 746807, 836321, 323986, 975831, 271330, 104595, 745585, 752177, 525372, 211831, 633351, 545644, 956670, 930515, 790471, 465451, 141104, 470536, 347747, 451088, 821703, 361083, 617576, 647367, 653817, 161269, 646331, 452743, 266804, 262963, 464015, 464228, 457895, 209113, 332659, 528068, 696585, 576502, 895195, 231135, 742896, 473193, 685005, 145412, 464175, 254454, 557731, 349918, 622954, 140608, 514178, 818864, 378179
858380, 359355, 397290, 234020, 719496, 757190, 453906, 779194, 771164, 919569, 650519, 404963, 474432, 979660, 994432, 244443, 219596, 207656, 928624, 987406, 988192, 877951, 695528, 875952, 235779, 684996, 381435, 793864, 712397, 145876, 156211, 323642, 277756, 941581, 169197, 357315, 234400, 742308, 787458, 121285, 226562, 836494, 557116, 797785, 979395, 897541, 377787, 290676, 286679, 225936, 106293, 118815, 264694, 957132, 760268, 842441, 951461, 696464, 148095, 948149, 381131, 975876, 891588, 261148
327795, 451007, 676821, 234922, 380668, 909997, 908224, 647297, 614362, 902015, 335365, 346713, 229098, 561059, 723902, 556807, 954504, 940303, 648288, 944311, 757014, 864468, 645929, 491538, 102187, 935285, 436167, 572349, 964255, 235678, 644161, 410393, 891419, 298414, 412342, 234252, 124597, 115076, 184830, 941453, 431354, 242264, 241770, 670585, 351804, 394797, 234333, 404720, 896777, 439896, 205797, 777290, 364736, 851034, 505632, 751498, 238400, 236315, 958464, 505307, 378648, 269770, 854223, 514607
671101, 304018, 222743, 512778, 756751, 430686, 482364, 524591, 309229, 775946, 941062, 952100, 650042, 112737, 441709, 167306, 633784, 651936, 750066, 724304, 265201, 394510, 503922, 464508, 874584, 516547, 192950, 640415, 973305, 708377, 957245, 449092, 304735, 945865, 942307, 549834, 376328, 838292, 360871, 299881, 784896, 735979, 126468, 543652, 671853, 834339, 886440, 803090, 377188, 499261, 575826, 526854, 677434, 627027, 564628, 102050, 446400, 286654, 331556, 408237, 535224, 226333, 828223, 757451
350561, 499404, 756807, 675708, 362027, 136439, 653130, 727817, 350380, 690535, 736017, 302081, 921052, 565695, 766928, 265421, 480487, 329469, 842543, 764421, 111394, 845532, 161907, 255699, 155684, 624705, 703323, 161757, 156007, 983498, 656797, 809289, 205292, 292817, 221410, 512830, 717161, 270986, 591413, 900373, 936868, 645178, 405824, 303228, 835502, 909788, 600427, 194377, 395592, 298384, 503942, 707083, 325609, 731926, 503690, 961747, 947566, 666306, 170619, 450482, 348105, 298865, 999232, 113128
392030, 303889, 101394, 594285, 663021, 331197, 853792, 641476, 243619, 481150, 124624, 288199, 584550, 180994, 517800, 855679, 388933, 250664, 875765, 630481, 673338, 821509, 856109, 472627, 121214, 119928, 199097, 910804, 286593, 334717, 316060, 986807, 527360, 526365, 919560, 673672, 879344, 549904, 481554, 886109, 962986, 427844, 323329, 755852, 479047, 539159, 225395, 801703, 454277, 384194, 264228, 943092, 923941, 930264, 464604, 869865, 492186, 598198, 617257, 314312, 384938, 164909, 773387, 772962
366892, 538046, 576060, 570207, 503902, 240652, 813487, 992762, 996314, 145951, 602795, 205618, 185193, 634255, 964782, 645801, 544512, 574686, 617197, 682163, 442024, 375071, 928289, 761904, 680365, 312006, 428448, 768332, 368096, 322662, 354637, 944854, 692402, 595480, 300771, 845434, 464679, 392905, 463181, 505545, 491285, 347954, 786601, 828197, 709150, 919796, 784071, 242381, 833416, 296837, 176307, 726389, 209116, 954654, 460993, 232647, 332596, 218407, 157596, 887926, 692119, 961569, 846933, 517935
460432, 147092, 490065, 972030, 593939, 665937, 253496, 951600, 959399, 945767, 635519, 666441, 784031, 785856, 182765, 476916, 316114, 339191, 462090, 562946, 851279, 938520, 183134, 395918, 112890, 964450, 109760, 780537, 791362, 260083, 714376, 681243, 611286, 115971, 797375, 336647, 572729, 771853, 374365, 582804, 988545, 485441, 354736, 349435, 908064, 231515, 651201, 452460, 709625, 375384, 131637, 838604, 234231, 241898, 290710, 945484, 105470, 151184, 128122, 838626, 124652, 120069, 272390, 464536
863127, 406063, 886761, 771262, 570047, 777636, 760936, 382373, 775653, 570279, 800769, 865564, 879934, 685155, 595520, 699559, 655149, 646393, 851566, 621527, 185269, 699200, 309339, 278734, 396729, 514557, 223681, 905720, 269993, 618019, 559864, 109301, 512803, 973916, 949253, 377095, 734183, 872663, 243151, 808592, 320895, 424820, 340954, 373729, 713100, 988026, 985668, 701883, 303357, 933136, 159185, 672628, 353923, 134489, 492527, 610311, 966287, 320820, 336159, 218728, 104556, 336362, 149772, 448693
682647, 569979, 808239, 375338, 626635, 271396, 663549, 941494, 788084, 226230, 923319, 296181, 462029, 551129, 554158, 417826, 281351, 956861, 186992, 106871, 535656, 471539, 177418, 585665, 232566, 630048, 440404, 424108, 504568, 113203, 329594, 499156, 761596, 291466, 950952, 459002, 386374, 291127, 786863, 249266, 421475, 463837, 282183, 265744, 149713, 640345, 673785, 315295, 288560, 105629, 808137, 306224, 966462, 829515, 748978, 959898, 418683, 465730, 956522, 767359, 487084, 318446, 961891, 100285
633760, 475982, 961169, 923442, 533266, 170313, 772677, 990492, 767006, 775702, 455372, 922270, 197460, 914436, 685526, 623143, 462795, 708210, 492669, 627711, 838670, 616707, 504347, 904863, 695007, 753745, 732696, 703070, 217872, 532526, 668936, 718181, 111537, 894308, 422928, 713379, 701087, 248525, 358756, 130960, 872074, 758099, 332873, 565630, 391095, 744540, 376283, 377054, 348696, 761055, 833687, 474833, 244650, 839651, 529562, 701375, 202408, 416254, 228598, 399418, 621830, 695525, 578185, 660816
706997, 346841, 668385, 291515, 752374, 626029, 258617, 211634, 442831, 249217, 367957, 671907, 927431, 990040, 550272, 937946, 292271, 757714, 881525, 840649, 221836, 749235, 861749, 294722, 140237, 884653, 129565, 125998, 563894, 240442, 207546, 956283, 129645, 817231, 325441, 547464, 917730, 557467, 511313, 847209, 861368, 659050, 924299, 518068, 302284, 884347, 464924, 186102, 402363, 998601, 523544, 879215, 353353, 364770, 144475, 809195, 332414, 833913, 531741, 774035, 145352, 683904, 696409, 361007
263791, 432703, 979590, 660054, 640231, 452490, 432931, 275256, 270834, 680580, 882774, 914557, 861950, 578770, 786886, 500730, 494093, 994792, 949769, 370488, 128288, 209561, 379883, 890626, 732329, 540899, 264251, 158238, 389123, 865952, 730403, 614486, 825556, 513461, 318995, 697576, 107816, 580283, 559523, 906498, 290022, 531576, 840764, 743981, 872379, 250743, 354454, 367691, 299422, 914956, 827826, 348269, 310489, 295201, 245620, 306556, 419908, 526849, 590912, 973327, 280177, 949086, 235508, 872338
641323, 499777, 645709, 874201, 441261, 222595, 755998, 432741, 738933, 944310, 869893, 908582, 876295, 699156, 556894, 772519, 887356, 582528, 166503, 194446, 196642, 939923, 909220, 193746, 209142, 592405, 838991, 541420, 100775, 623215, 231224, 519008, 438891, 218121, 941408, 269854, 921433, 766869, 958930, 169445, 452850, 645520, 351629, 344295, 167181, 616741, 539190, 531344, 561263, 482477, 182571, 980119, 518261, 463412, 899799, 590932, 926951, 669971, 761713, 320079, 305430, 486425, 445238, 537648
168543, 483867, 528816, 325598, 694048, 528405, 798615, 495566, 657095, 891345, 727769, 550492, 420267, 131851, 161835, 947328, 227273, 981216, 163766, 294066, 623510, 600884, 121700, 521055, 617748, 981568, 747073, 536816, 653611, 942247, 637278, 939865, 623658, 403235, 713913, 629316, 378648, 906076, 769230, 744523, 294427, 110006, 234593, 951871, 816051, 670419, 288704, 386233, 542715, 815419, 488735, 517714, 152597, 189968, 646209, 836823, 719146, 536564, 138926, 191854, 931812, 172136, 640930, 924778
964803, 778742, 780126, 674774, 111012, 701387, 881864, 195682, 471404, 377186, 228547, 833679, 174015, 919555, 866278, 803469, 385183, 964432, 186842, 235648, 546675, 195634, 451001, 920186, 448307, 594266, 131690, 885014, 814884, 665982, 547861, 667998, 194241, 609238, 735513, 234240, 959618, 143811, 535578, 774142, 648584, 825007, 741610, 907138, 652599, 444408, 371771, 845587, 213086, 737439, 171548, 406758, 692961, 238390, 362373, 712350, 397677, 865299, 385524, 563121, 449608, 975963, 905947, 120103
223100, 670008, 312191, 847703, 781740, 688767, 707809, 333048, 982715, 762741, 447664, 516742, 413577, 980996, 131895, 865395, 351747, 925779, 456315, 789600, 397973, 411811, 240668, 116815, 165434, 163083, 543622, 578539, 640276, 412418, 136969, 741255, 937170, 399178, 618615, 505146, 196500, 554492, 631470, 900846, 170912, 551822, 622025, 798608, 530024, 266297, 650402, 850078, 926379, 119757, 464506, 854768, 534508, 525977, 198115, 421789, 815863, 284622, 937071, 586145, 172881, 457100, 262047, 472449
891512, 121038, 244595, 969685, 958059, 935910, 924251, 341854, 786023, 159922, 850792, 213052, 535995, 308595, 923213, 339734, 499428, 168223, 714060, 781780, 945497, 292495, 908381, 783104, 825591, 610776, 568887, 472414, 629273, 353072, 318231, 425567, 338794, 332883, 158225, 281246, 365597, 533632, 962529, 338082, 209056, 372395, 250420, 881827, 374825, 679060, 874819, 599171, 617359, 572171, 160353, 479365, 251341, 593489, 229531, 167784, 986867, 103362, 974892, 766216, 851457, 566566, 603478, 502533
362994, 943644, 487004, 979021, 532248, 227278, 797453, 925624, 218278, 339917, 432571, 850149, 105429, 750040, 841198, 803350, 955076, 967607, 564635, 349908, 276736, 606395, 125722, 792963, 795934, 936844, 343226, 936017, 256498, 973835, 360323, 801181, 821415, 731629, 326184, 190322, 509505, 820094, 140595, 655862, 132391, 788188, 421962, 749580, 252075, 852770, 520461, 493580, 189778, 615951, 133182, 284226, 233999, 405328, 548894, 785787, 385590, 822916, 898994, 874949, 239268, 453332, 673474, 374174
519013, 746096, 201843, 400812, 461033, 977864, 644694, 842114, 811731, 715902, 382734, 628663, 196514, 100891, 179276, 517046, 632029, 437932, 368950, 281713, 786501, 610626, 687470, 983300, 623603, 973250, 457511, 581718, 897228, 591030, 383869, 620653, 990330, 676705, 574311, 143819, 131021, 665870, 170272, 779694, 796914, 808582, 609350, 581126, 267532, 453425, 540046, 714927, 204716, 552006, 907743, 505090, 173430, 278292, 423130, 182067, 801962, 973401, 344027, 665911, 537226, 138734, 314250, 522539
254043, 580514, 201063, 924764, 877333, 888540, 858015, 487883, 503247, 518532, 242840, 779054, 202763, 392284, 676506, 843889, 794738, 708244, 750343, 141683, 512530, 290663, 364442, 410761, 761079, 192929, 925409, 457958, 766836, 511662, 265846, 809242, 998736, 980671, 100532, 692436, 230659, 356758, 418114, 804257, 720947, 984023, 176009, 168402, 242040, 974457, 118295, 246046, 584969, 653906, 890303, 741485, 696947, 216978, 789884, 115262, 144912, 995909, 902465, 253281, 692296, 486068, 170968, 163593
881568, 712609, 305697, 174995, 553261, 287636, 441094, 115141, 559498, 450209, 452845, 450227, 277416, 924931, 297262, 166525, 613270, 540446, 501779, 182298, 386417, 738223, 518457, 198239, 848726, 413881, 543692, 618560, 753999, 275412, 625336, 205066, 644050, 503452, 633725, 830541, 480913, 844530, 465510, 686948, 385748, 405243, 721550, 928491, 209343, 311417, 188804, 439360, 740087, 742964, 552981, 173606, 822401, 956451, 420737, 382932, 854796, 196124, 510926, 986253, 222551, 951739, 154194, 869405
516782, 693559, 517978, 200509, 994945, 336319, 623141, 587971, 916920, 967863, 898427, 777676, 502935, 972874, 775405, 441016, 333733, 701002, 228406, 299274, 993433, 219827, 324920, 519035, 621677, 129710, 908246, 446554, 463151, 315048, 404681, 630875, 263956, 364299, 695203, 894317, 186899, 903979, 885891, 129894, 375375, 509879, 509343, 868063, 888122, 978142, 840102, 406713, 547047, 716958, 650257, 504371, 641780, 671175, 640569, 266146, 524844, 341738, 957129, 209529, 636073, 496979, 803726, 716900
539995, 342417, 564909, 511376, 126968, 944627, 412530, 942276, 936232, 455139, 113839, 892414, 436981, 754968, 756416, 733194, 240276, 999186, 670403, 320739, 223275, 847452, 870687, 205230, 595293, 181493, 284361, 699751, 303102, 506561, 721986, 788067, 722851, 272221, 336195, 315962, 681283, 302275, 226808, 458310, 126937, 306095, 404186, 680665, 955634, 883483, 964332, 169375, 338137, 737880, 832384, 464588, 484480, 830651, 278709, 617550, 941324, 546344, 909669, 746720, 868296, 299671, 546785, 648084
943022, 899320, 401965, 501646, 217274, 129342, 152098, 512255, 627582, 620258, 176895, 497157, 274028, 943462, 499527, 883298, 709751, 598015, 993189, 838476, 138407, 580549, 304834, 301164, 559594, 143371, 872341, 806067, 321341, 753768, 433270, 202389, 924884, 855777, 640981, 281266, 614601, 873909, 448739, 197926, 293216, 485618, 744447, 569421, 301381, 336420, 590624, 481298, 466442, 315146, 391969, 571038, 542652, 706761, 573907, 366804, 909962, 827182, 603074, 463334, 575926, 435499, 706433, 134425
569386, 992963, 312871, 552263, 249307, 665495, 916082, 224267, 542531, 733396, 746651, 399340, 807317, 864447, 568274, 543295, 868756, 111298, 717233, 587891, 220300, 918313, 908514, 375590, 347824, 481313, 166671, 574439, 155008, 969488, 173026, 328525, 192776, 339586, 594977, 910031, 733802, 494477, 526422, 723487, 285075, 483643, 187233, 168021, 477368, 313710, 725131, 519182, 708830, 570314, 822181, 773241, 872995, 618747, 534262, 299704, 724255, 263448, 186845, 832876, 637809, 490953, 247935, 255141
641611, 397670, 624258, 292221, 385602, 157449, 185263, 739627, 924375, 614592, 608193, 344020, 615355, 870045, 292849, 731557, 569243, 224025, 816640, 425746, 976258, 474744, 540947, 886544, 243638, 371538, 307637, 880939, 655307, 729129, 312504, 229142, 804506, 743672, 395085, 841559, 951650, 795540, 379747, 540123, 170932, 362439, 675575, 401507, 465492, 679234, 505994, 971264, 931596, 505379, 153847, 346149, 195003, 222736, 420936, 975433, 115700, 149255, 895374, 993891, 975144, 649407, 876688, 327535
324473, 308960, 646610, 128073, 986941, 887432, 243292, 107315, 693548, 209977, 404303, 746590, 586981, 815548, 908417, 325014, 607054, 346623, 557023, 255773, 286727, 697099, 159385, 252519, 832347, 513322, 661365, 751258, 342190, 846905, 651023, 592444, 864658, 608271, 855681, 266475, 221925, 503832, 507553, 115125, 450465, 161035, 272724, 159682, 436853, 157223, 687139, 290267, 713729, 446487, 103322, 593169, 132100, 745756, 343410, 233318, 354903, 786177, 762617, 150077, 958135, 890275, 896499, 285372
819139, 538381, 673459, 290665, 538835, 708662, 974082, 871375, 776808, 994250, 173649, 299547, 122961, 295570, 289096, 527117, 348429, 833053, 585813, 851941, 950478, 861568, 918574, 383495, 564188, 146781, 824698, 753323, 193508, 114117, 870593, 677881, 341574, 874836, 705583, 205269, 316915, 402926, 335999, 606889, 409371, 564672, 280984, 245275, 282598, 203279, 973987, 656766, 431277, 162577, 148166, 346668, 244320, 674561, 198513, 308712, 632207, 111580, 198782, 327865, 385092, 837650, 929675, 669825
154341, 104853, 261466, 520637, 763783, 216734, 999536, 305944, 986361, 990745, 276586, 489117, 740309, 843878, 968177, 386780, 268785, 232093, 679602, 252643, 136690, 427365, 132926, 905699, 877670, 479873, 242423, 735535, 175116, 157664, 258294, 190619, 614737, 158113, 803169, 382967, 618399, 409233, 140948, 710320, 547392, 593032, 322867, 883894, 241882, 342703, 892533, 641330, 417483, 541256, 462646, 353891, 903791, 360380, 994408, 386394, 450242, 415862, 661293, 305915, 952589, 577233, 378625, 671007
476349, 298332, 538468, 294977, 953478, 520270, 365472, 401503, 113899, 530273, 529838, 363049, 212731, 105771, 243107, 305067, 361124, 358053, 814558, 611337, 428140, 782348, 783047, 614847, 265732, 690401, 402659, 962828, 871933, 689045, 467252, 858959, 820398, 634300, 827729, 637586, 405338, 537025, 568974, 176978, 942858, 212844, 904804, 769452, 253181, 476778, 459714, 410279, 510279, 730241, 725245, 712486, 139846, 956810, 385141, 460132, 277500, 673475, 813836, 956112, 210268, 241610, 744015, 119815
168694, 414017, 435332, 111790, 645006, 554234, 540678, 340590, 558323, 562199, 680835, 342492, 374112, 907345, 198248, 370855, 486126, 711076, 708097, 105055, 540557, 568500, 284762, 896019, 857724, 455175, 266528, 695948, 812842, 139964, 928705, 554362, 658116, 341848, 929067, 235158, 346105, 377087, 315702, 259390, 439430, 963008, 395485, 520418, 395916, 130829, 947875, 500418, 122374, 356339, 825647, 564134, 632285, 901469, 431490, 405584, 377153, 928898, 671946, 462825, 129518, 206233, 510498, 362541
902458, 971799, 489445, 501279, 289339, 913351, 507284, 568331, 770766, 689980, 714567, 691583, 531617, 981758, 503434, 955199, 521694, 369719, 459879, 347035, 320573, 114051, 722339, 577988, 882673, 156359, 380743, 746128, 810080, 509224, 132037, 314089, 953187, 270077, 442509, 226498, 777814, 382243, 826814, 479485, 811717, 571525, 776621, 471662, 301704, 473316, 301259, 581964, 628666, 650493, 439293, 759007, 292970, 307893, 723423, 987974, 986457, 168498, 467237, 758883, 645702, 553473, 154282, 969058
163799, 816492, 593867, 417485, 729692, 332409, 392281, 806403, 480361, 492002, 915011, 201139, 126268, 188899, 332167, 985200, 518022, 629963, 301077, 905857, 786756, 211808, 753746, 959028, 397418, 804555, 223995, 160116, 592593, 593109, 376254, 300022, 137445, 496049, 222283, 894217, 804133, 560791, 422454, 333603, 666982, 832131, 910238, 136762, 596911, 751782, 792816, 563413, 111842, 961025, 327992, 197021, 461011, 123690, 435915, 569512, 470313, 897068, 270333, 411620, 862127, 392828, 711433, 187550
723558, 625138, 469603, 811771, 422413, 754232, 318285, 192058, 217070, 951410, 864210, 119292, 751973, 673265, 767209, 327777, 331716, 384857, 903540, 719096, 954112, 308198, 998303, 142314, 400114, 238491, 753754, 982508, 732518, 917833, 826061, 400514, 626677, 132160, 109203, 821802, 128079, 498868, 128448, 827073, 347644, 301177, 281288, 577491, 454465, 555234, 665944, 462436, 595994, 601628, 703338, 592551, 676707, 358566, 983104, 805937, 970046, 276790, 838248, 829765, 393540, 854239, 293927, 861873
