917209, 834756, 827190, 128269, 376667, 125098, 150001, 624258, 981934, 654845, 593125, 374912, 227202, 850888, 687902, 895532, 891592, 869951, 300130, 443617, 121657, 718176, 390976, 501807, 205993, 924865, 880152, 355169, 954241, 737518, 307687, 742846
850193, 109647, 540257, 181568, 584483, 144331, 246424, 962772, 353536, 203672, 255779, 826625, 495733, 766695, 500753, 751092, 169146, 386808, 359773, 665290, 800363, 765817, 279387, 511123, 534522, 549847, 399221, 608784, 663910, 330953, 930942, 554856
871442, 181194, 735281, 816204, 919757, 621644, 451202, 999303, 214358, 930825, 534797, 117602, 385204, 156101, 251399, 757491, 996418, 392878, 788805, 592337, 603936, 700424, 828750, 222570, 875584, 454735, 259400, 382876, 182871, 141654, 461766, 305046
488191, 825162, 906225, 940039, 273547, 894736, 658253, 650977, 178545, 199992, 389247, 273791, 502248, 123406, 815558, 605705, 203598, 867176, 334833, 216100, 808574, 467455, 903128, 843838, 622652, 873878, 675984, 867186, 255875, 833604, 692569, 653835
112370, 350698, 663409, 917111, 885014, 542744, 567198, 844436, 576702, 142068, 389826, 770068, 992483, 639971, 282822, 394239, 647836, 393839, 309878, 712881, 377652, 219278, 865375, 119301, 125602, 258881, 808210, 280524, 867666, 315296, 765694, 810882
819186, 109044, 103892, 656019, 909417, 753419, 951154, 385598, 309244, 936591, 651255, 488268, 810478, 690614, 894544, 878393, 838631, 207489, 338307, 126296, 554588, 725932, 858534, 959684, 940785, 292166, 280225, 931659, 875471, 844783, 453622, 786143
830888, 117064, 687309, 438349, 973068, 488060, 600432, 987498, 606364, 217672, 238077, 126890, 859262, 667786, 342502, 583522, 287660, 683525, 948469, 131130, 603041, 205260, 420533, 678061, 280147, 158326, 173652, 861169, 483404, 233064, 894723, 531638
793968, 498216, 674877, 532832, 199598, 347589, 143079, 153471, 829515, 816399, 719186, 660279, 442461, 634851, 229360, 513989, 386565, 861300, 151944, 363487, 779522, 964365, 652827, 124711, 226195, 507735, 819520, 564896, 319452, 904574, 746292, 935799
320494, 549790, 686529, 773142, 309499, 283069, 476090, 974972, 434000, 628668, 699582, 244526, 699774, 214776, 247475, 737429, 371293, 142435, 965625, 311326, 709482, 177293, 853141, 852741, 857845, 188691, 314932, 706058, 823588, 885314, 957975, 881596
631881, 414762, 676725, 605763, 848143, 680641, 861866, 736082, 393087, 331011, 760079, 958116, 454242, 943884, 566832, 478661, 468043, 694499, 928179, 284360, 595138, 476861, 589261, 962094, 882957, 653569, 939219, 699573, 934523, 968151, 629428, 958942
724451, 450635, 821246, 107041, 331150, 883326, 744340, 395731, 668817, 471888, 185436, 712586, 154832, 746641, 383788, 734471, 248941, 341649, 438529, 935248, 772378, 620508, 526776, 579355, 718243, 375900, 482670, 796535, 848010, 808703, 717891, 924939
784261, 705662, 755363, 523231, 252090, 482024, 282798, 345065, 633653, 844436, 744064, 831057, 528120, 445772, 446651, 301844, 402951, 983584, 701981, 644231, 410678, 629966, 739691, 532767, 853463, 238383, 202966, 131962, 437731, 479321, 307993, 377277
322511, 941270, 819017, 392757, 896043, 895144, 864262, 232160, 384106, 243648, 895521, 310427, 921200, 620662, 790292, 596788, 486862, 239444, 161935, 296798, 485087, 513628, 649108, 317189, 379297, 527189, 264989, 821932, 183402, 185694, 304168, 284731
618553, 546380, 415009, 429940, 115739, 245013, 866576, 788342, 318955, 852702, 863752, 702184, 788435, 442931, 950345, 165393, 716944, 852522, 578049, 999781, 278036, 102281, 614444, 538848, 506636, 330030, 209737, 410421, 193436, 641823, 297909, 671282
124480, 432164, 316087, 625992, 208623, 149644, 127752, 524091, 159240, 246750, 664889, 459074, 703810, 372442, 663792, 487479, 908264, 996942, 891409, 653911, 396420, 228569, 800820, 485260, 681866, 472085, 232089, 658794, 891045, 218531, 262506, 116816
896890, 357397, 569493, 450312, 847214, 456816, 591192, 310560, 639648, 820059, 391626, 606165, 368859, 912573, 286499, 236611, 279951, 471361, 675803, 102801, 640970, 396081, 846617, 862888, 298860, 581033, 243648, 958302, 319572, 498048, 418545, 793813
994402, 196282, 570617, 287552, 125471, 384373, 386437, 791734, 651842, 301683, 646472, 259599, 475380, 887624, 952125, 190359, 348177, 591534, 717854, 764215, 975016, 799581, 215834, 836227, 157252, 734143, 840285, 634319, 349078, 672621, 185070, 454375
870211, 997849, 236516, 223050, 423171, 252800, 423485, 695353, 188424, 820609, 254619, 867108, 966360, 617410, 855896, 967592, 578099, 700298, 238204, 659262, 262059, 133942, 564231, 123284, 837202, 689462, 259443, 894655, 126877, 533605, 154890, 989629
347128, 752122, 696968, 752821, 977381, 132480, 559433, 367942, 707953, 496803, 997953, 193662, 570179, 596525, 459655, 533353, 789456, 970129, 567228, 761632, 981050, 552661, 666105, 331474, 264390, 727216, 353580, 464115, 127723, 282400, 610936, 823417
742939, 444736, 943878, 876598, 897118, 274141, 902211, 330855, 690036, 916775, 846416, 456478, 842908, 710757, 694569, 579097, 141275, 373061, 115826, 774669, 800734, 486710, 911271, 124241, 292848, 384865, 154072, 535529, 759651, 580626, 802642, 443502
114630, 633297, 236628, 199039, 944875, 539038, 786419, 474149, 914177, 937478, 641378, 423206, 132980, 226556, 786764, 796516, 535249, 538011, 298421, 665265, 150895, 928867, 108240, 250613, 723359, 505004, 353562, 377568, 723415, 427645, 534623, 778120
109656, 712752, 783928, 628708, 448810, 288339, 161445, 998765, 924634, 830792, 106392, 870183, 984682, 458429, 776239, 988062, 414431, 989036, 244243, 150177, 164087, 491045, 807865, 874035, 653165, 316782, 265369, 883333, 350548, 377903, 289615, 381208
182998, 495793, 797999, 648591, 266649, 405989, 395026, 569385, 677496, 530156, 654600, 300667, 718666, 313964, 944793, 482113, 266864, 865884, 621730, 561562, 675194, 197575, 171667, 417649, 219343, 992984, 827063, 639953, 895555, 651907, 770671, 694244
414462, 186347, 672144, 726226, 416642, 841710, 281737, 395075, 739855, 642552, 154753, 507866, 313297, 997021, 115169, 935228, 408826, 212030, 283045, 358323, 370041, 512623, 718118, 164029, 124831, 762205, 993765, 341078, 812666, 302323, 547901, 847591
643909, 109258, 922301, 704919, 446144, 607476, 967602, 114020, 432930, 308743, 409629, 450808, 449336, 961007, 296454, 425476, 975326, 745589, 173683, 673100, 596131, 499684, 489942, 379271, 995134, 389844, 279090, 530018, 834425, 535133, 178055, 618766
663617, 775884, 703662, 524773, 549835, 615172, 263646, 479956, 225248, 379347, 412485, 552568, 653029, 934718, 115260, 670707, 506499, 943736, 729928, 342454, 578474, 364986, 219818, 305008, 407744, 132884, 761772, 985382, 797565, 998283, 218377, 177990
436981, 357330, 849742, 786423, 559094, 139401, 741939, 808885, 779829, 431146, 521926, 374838, 516989, 638830, 294251, 987741, 730710, 998272, 584049, 632774, 244432, 894055, 881396, 820829, 676440, 957027, 660676, 732110, 290301, 243562, 370997, 537250
461997, 395268, 979416, 737313, 156488, 351183, 880921, 270168, 762657, 474799, 499711, 686872, 762384, 883919, 490939, 283690, 535821, 879044, 384549, 202231, 772282, 243441, 385260, 525563, 496813, 453759, 844064, 355837, 126956, 791328, 931762, 706105
655436, 908327, 667250, 876443, 744952, 337468, 405169, 132724, 582935, 937064, 131124, 906291, 110146, 376718, 383477, 574192, 206268, 562552, 308012, 914439, 436344, 778503, 310247, 894859, 379095, 103330, 372163, 566808, 318704, 291778, 851929, 570521
291646, 895549, 945342, 283875, 913987, 793352, 809961, 218618, 376143, 339748, 413144, 638422, 195926, 611568, 324114, 634227, 507314, 973353, 298790, 124981, 180448, 224891, 355631, 922869, 252929, 249230, 128434, 827185, 990082, 681231, 908724, 433596
784680, 482898, 974418, 114741, 217880, 185786, 531802, 649952, 732109, 131076, 648061, 254296, 364886, 529931, 695015, 637228, 497469, 603501, 470898, 700372, 863825, 302182, 536836, 765943, 301662, 577736, 273868, 428382, 738751, 412806, 809916, 486748
549949, 471758, 392387, 395873, 415339, 795128, 154422, 582954, 140386, 710702, 425592, 554444, 701499, 272777, 238974, 347871, 211535, 465994, 921190, 458549, 672307, 628316, 491568, 959162, 312527, 824852, 287364, 355639, 547961, 293453, 113229, 309677
