127317, 213380, 211403, 250561, 812309, 782883, 977805, 692137, 954832, 165729, 249856, 985927, 929153, 898611, 437709, 581857, 274955, 670180, 261310, 623352, 651211, 758291, 726122, 565872, 471110, 526191, 677106, 707518, 514006, 547752, 205082, 284352, 329277, 700321, 332142, 969535, 709566, 202588, 106219, 199084, 503398, 945260, 941921, 279571, 133518, 819277, 280063, 312785, 281914, 830056, 796061, 201109, 236405, 447113, 945557, 721664, 767691, 532050, 376405, 919019, 687968, 852498, 346682, 400054
462643, 370118, 530556, 214074, 108770, 715250, 992222, 460737, 928687, 247941, 142117, 501748, 259274, 745750, 372943, 813068, 438417, 529486, 504739, 737268, 342606, 584423, 593383, 788394, 949956, 678304, 253327, 138791, 626098, 111813, 479175, 989193, 933843, 815296, 439002, 529099, 620283, 588744, 564323, 914189, 694482, 111648, 267548, 134719, 180155, 402705, 183127, 726274, 264170, 510942, 111897, 463466, 788823, 510791, 874388, 682415, 487134, 115634, 728823, 747399, 877263, 987515, 350339, 852153
885998, 756217, 106540, 101263, 620739, 228519, 945744, 502031, 618268, 725254, 223484, 855799, 282334, 503127, 124355, 710194, 984934, 630364, 840549, 517627, 569706, 173154, 505019, 819200, 524403, 232691, 890727, 927691, 701823, 388505, 570441, 596736, 696747, 245043, 369135, 804019, 109419, 691797, 537445, 751416, 187216, 137851, 238093, 946686, 508548, 277748, 434678, 431720, 290992, 675722, 978782, 926063, 849756, 249879, 129546, 651586, 380370, 915413, 368239, 178173, 232828, 512657, 309928, 385379
327554, 485397, 148709, 629791, 218387, 841863, 247146, 753875, 480674, 598919, 389269, 125317, 760202, 286033, 539607, 936348, 400127, 985991, 972118, 596208, 215520, 309519, 595224, 829638, 193795, 322570, 684015, 395827, 440068, 108755, 679631, 545444, 269176, 643718, 664539, 705864, 751872, 301581, 480251, 771544, 140078, 331755, 889606, 860005, 195412, 737509, 370468, 987653, 246426, 733815, 691076, 541341, 491852, 453363, 936824, 693120, 407467, 867350, 677901, 690945, 354849, 356393, 739011, 519604
633365, 938609, 375978, 623467, 266500, 256930, 924947, 416240, 501093, 511819, 613554, 290720, 948338, 603723, 540267, 407203, 978558, 562140, 396600, 985738, 524487, 427660, 635100, 359096, 776391, 807965, 550965, 725521, 314964, 913532, 318725, 593263, 527099, 667623, 741087, 107846, 260677, 386329, 845662, 647605, 604365, 566664, 391043, 403663, 715379, 702213, 584095, 186769, 389920, 585777, 618376, 406560, 342099, 947630, 412298, 553963, 112268, 822295, 280257, 997939, 698472, 526231, 640491, 421089
159446, 399042, 931830, 304644, 894704, 556258, 757453, 745222, 938485, 840577, 657357, 309558, 728057, 735664, 675511, 924250, 257728, 435883, 640974, 560047, 781145, 435477, 874572, 831493, 211492, 247500, 306605, 493554, 397098, 181282, 129175, 629072, 917945, 543528, 753179, 514588, 811269, 210137, 793528, 527980, 444053, 718782, 708237, 701281, 388507, 790228, 465266, 213398, 483765, 900717, 285613, 682926, 541437, 902334, 268223, 921468, 503148, 858891, 103774, 717203, 143171, 154747, 920082, 159698
973920, 261072, 969859, 710689, 885204, 930195, 498601, 544590, 269524, 950818, 452296, 718607, 457601, 942648, 687453, 734606, 895628, 708208, 216088, 782129, 463042, 571637, 449739, 361016, 511331, 645172, 982278, 884934, 723458, 176999, 180172, 647422, 202843, 993111, 141765, 282941, 705014, 869633, 973688, 323216, 288551, 577663, 481274, 862846, 726348, 863664, 774778, 597778, 759834, 291474, 118062, 887134, 366013, 177053, 271435, 542633, 243663, 376864, 867888, 484459, 759654, 449653, 998390, 148591
351427, 969651, 800147, 843702, 998171, 643488, 498705, 652466, 500010, 101792, 218825, 836706, 765468, 885623, 556082, 304519, 688778, 466854, 895150, 912188, 748742, 519815, 788930, 575709, 758965, 431264, 475374, 908263, 257098, 240970, 151659, 292130, 353542, 563072, 346351, 321414, 514331, 200881, 382726, 363553, 585870, 578270, 692313, 717205, 714134, 234812, 751159, 207105, 400935, 419816, 301894, 475809, 508774, 837633, 710748, 756826, 553809, 696980, 214086, 194202, 869997, 913671, 480411, 894543
905927, 949295, 413401, 260096, 157894, 162810, 353626, 382960, 461319, 572803, 702057, 975342, 998283, 827659, 589404, 142673, 106841, 394366, 573377, 449858, 725538, 937900, 101957, 396099, 919874, 431531, 579519, 187783, 763020, 392152, 865584, 954848, 579923, 587262, 566145, 831940, 990625, 415079, 301173, 848114, 397178, 960031, 334238, 971812, 511605, 650965, 826216, 886787, 624013, 326525, 758969, 293446, 722641, 726177, 626885, 837528, 378076, 316676, 721620, 504346, 116328, 579255, 655732, 569341
942547, 542378, 983183, 815219, 521103, 456996, 317990, 893110, 140470, 738928, 228119, 461500, 713714, 378797, 169828, 712969, 207270, 256469, 841719, 150891, 372893, 336677, 165085, 720896, 188157, 431397, 824887, 716160, 763967, 715576, 900240, 993969, 348770, 309527, 233988, 962064, 778696, 524136, 836744, 471805, 261157, 603720, 125025, 165680, 762198, 182224, 672109, 702542, 359187, 727783, 676402, 290978, 646312, 866117, 327261, 275326, 483131, 515914, 497545, 599311, 111435, 929150, 498205, 771512
927481, 199140, 590556, 539768, 726048, 414814, 723478, 535277, 681228, 392245, 114927, 993163, 980352, 513619, 193604, 790504, 971855, 996141, 246777, 766560, 513714, 358275, 664754, 445454, 938841, 764008, 721437, 268229, 367444, 890355, 416996, 373757, 185055, 972697, 111070, 172412, 391249, 633017, 929352, 228289, 208706, 890462, 787979, 465819, 255976, 239915, 657163, 616923, 531672, 730165, 107033, 983726, 640712, 554146, 390339, 106772, 364734, 468587, 129507, 934599, 663724, 149723, 671278, 637312
535450, 442540, 674804, 365742, 984180, 686356, 292902, 684965, 883238, 334188, 762047, 520315, 857953, 128188, 508236, 329296, 296377, 716001, 915523, 227414, 678588, 130650, 757443, 501196, 156970, 855244, 713413, 712196, 936308, 357992, 363504, 458677, 565404, 113713, 781604, 380369, 496542, 676434, 685551, 323858, 739032, 265329, 234152, 656566, 143660, 507810, 247244, 296678, 679272, 905638, 341779, 453355, 822068, 110986, 123003, 231269, 498179, 366674, 573566, 552510, 832903, 979077, 635279, 418678
545962, 804064, 945367, 763829, 446939, 905513, 536953, 415299, 319303, 716379, 568265, 208537, 396051, 153596, 936035, 187198, 767791, 617631, 504486, 902197, 695441, 727294, 308617, 121295, 519468, 588477, 456142, 319544, 693202, 259021, 585316, 330337, 469435, 345896, 429342, 592061, 206916, 306718, 936184, 679748, 435818, 596134, 514439, 141078, 216146, 678212, 266763, 297071, 775524, 111178, 185191, 609104, 874334, 644563, 260383, 235910, 861876, 899433, 154149, 952358, 921696, 821003, 738424, 704038
848092, 797310, 187925, 153042, 778847, 339555, 288910, 408580, 510150, 867533, 180650, 401351, 698356, 257978, 503105, 795263, 196989, 510653, 698373, 326855, 803186, 411497, 587795, 123607, 399407, 849425, 285867, 739140, 533302, 334599, 877594, 993876, 449505, 766248, 660225, 820930, 858320, 953437, 750183, 865317, 608293, 566307, 302842, 180935, 569327, 894179, 314822, 487350, 518531, 577026, 415134, 608828, 938905, 414848, 390971, 257545, 187324, 912324, 200295, 606702, 805930, 847983, 701346, 748024
817306, 748587, 413055, 183775, 869055, 780376, 342981, 653505, 928256, 327078, 105118, 290042, 369030, 583595, 391755, 432978, 254466, 644480, 587441, 579293, 514177, 612821, 193517, 745155, 254153, 625674, 966485, 285467, 611895, 716085, 810912, 528931, 354590, 345872, 706058, 235213, 248650, 253038, 992399, 913260, 306301, 872518, 614852, 101054, 783727, 766366, 693795, 372818, 890193, 701805, 447994, 670953, 405709, 457018, 995935, 857068, 933106, 271548, 570134, 966716, 959544, 201497, 536794, 756580
825977, 552212, 715254, 660135, 666428, 457048, 555113, 278781, 702068, 242618, 180906, 552796, 485273, 710044, 787502, 122306, 882368, 664052, 178874, 319313, 985809, 415332, 551887, 855512, 701727, 249826, 660837, 607481, 468496, 457507, 979432, 383288, 202008, 513825, 880980, 940876, 401625, 966516, 658746, 217831, 144344, 459140, 611798, 690173, 108017, 421702, 612488, 332618, 624640, 324836, 302410, 324403, 461270, 397310, 181172, 910405, 250320, 651823, 719064, 545553, 156148, 713461, 886682, 727429
606963, 637069, 859192, 451096, 483987, 382741, 361565, 332558, 308733, 196002, 758581, 337453, 417354, 438003, 385152, 720455, 205687, 519650, 543244, 630673, 444195, 928528, 419711, 610719, 554142, 597185, 209165, 778419, 125033, 459500, 550499, 774283, 840150, 760364, 311127, 753572, 588144, 248815, 345338, 314171, 669854, 992174, 388344, 167748, 225106, 435172, 517023, 546386, 326122, 545680, 334782, 561262, 321763, 941611, 303416, 678972, 217217, 531477, 947538, 115157, 790134, 110936, 513356, 493862
695232, 846613, 741710, 791879, 710485, 728125, 881305, 255963, 283994, 796094, 548312, 371571, 125336, 954970, 721692, 663122, 821566, 362568, 725598, 477738, 529888, 421156, 147631, 231669, 359883, 685091, 360348, 558549, 149592, 432044, 648392, 235431, 461495, 165647, 839178, 443565, 855607, 585433, 354101, 128818, 385842, 742770, 507248, 339107, 979652, 726432, 775725, 454331, 417992, 749948, 151989, 616326, 275924, 946383, 715463, 143440, 506668, 224739, 355874, 549430, 974877, 372923, 863336, 945352
542111, 303877, 846451, 895595, 249959, 115420, 182702, 473617, 842427, 672135, 645912, 182259, 807474, 151295, 182869, 195660, 768462, 921813, 886819, 664519, 579403, 891675, 392837, 527242, 649112, 163621, 863195, 332904, 586572, 830190, 753208, 986997, 166621, 934248, 825886, 646065, 797078, 983063, 622305, 771152, 122389, 350427, 909507, 992512, 532036, 334676, 360672, 903730, 997261, 100407, 856723, 161725, 203909, 475054, 626314, 548515, 881028, 751667, 804256, 561867, 960695, 359790, 176268, 309828
513488, 679306, 344824, 687848, 831175, 465636, 988573, 183822, 495949, 594532, 757936, 887377, 844325, 813876, 367318, 916248, 829328, 848481, 951075, 666789, 853649, 499300, 349303, 326446, 906751, 430538, 370527, 798579, 973916, 630309, 988427, 769390, 789271, 771659, 283905, 553405, 191114, 570082, 826753, 704628, 440099, 943039, 305751, 571721, 860179, 705578, 601300, 476530, 893646, 842065, 992344, 549132, 179763, 841874, 343022, 270711, 965633, 503196, 693636, 337415, 822486, 708613, 133705, 182933
312166, 727008, 230809, 366308, 699378, 918788, 399894, 238717, 980632, 378065, 493017, 337861, 839614, 599152, 445222, 715989, 814046, 231994, 944495, 987064, 106539, 924988, 940119, 472460, 760794, 789897, 682328, 347183, 614118, 766735, 713726, 545618, 303020, 374451, 468667, 635371, 403299, 585190, 931558, 207101, 588781, 933281, 289447, 701320, 201564, 413931, 456740, 986820, 690035, 513443, 177477, 684765, 589700, 671026, 834608, 118075, 665717, 681175, 196159, 589186, 896106, 720712, 454793, 590132
858539, 260447, 194142, 418871, 572308, 708380, 686527, 258976, 985145, 104471, 768071, 557165, 560894, 116923, 359937, 909974, 996897, 717216, 197815, 760684, 821587, 972078, 184616, 767353, 754805, 612722, 340007, 853925, 497574, 684061, 922777, 129682, 150962, 450051, 397298, 553053, 742760, 153934, 995397, 217579, 620740, 387162, 395396, 662206, 896612, 513108, 508648, 857706, 679967, 649294, 919978, 223492, 803253, 629593, 410710, 661458, 664759, 241921, 776263, 803594, 990229, 915398, 140589, 623867
918182, 596812, 451996, 763268, 822386, 926392, 177018, 367241, 819541, 221075, 802616, 957276, 191923, 844942, 324302, 387058, 556285, 167905, 487088, 623350, 505388, 866291, 117189, 323139, 990373, 722812, 948050, 596224, 648328, 434562, 105385, 976543, 844093, 853510, 726583, 982287, 555581, 856838, 544502, 710853, 772409, 879641, 361683, 508211, 838467, 636139, 851549, 521502, 647660, 514029, 601973, 110983, 445192, 751928, 656970, 831938, 721985, 673356, 608788, 591568, 489939, 792064, 369310, 444269
577200, 763337, 116966, 662062, 190145, 233644, 192191, 794081, 591202, 158697, 914776, 128085, 724077, 354820, 921899, 176752, 240057, 182200, 300774, 321509, 151208, 496946, 991716, 567032, 916145, 103016, 546646, 718198, 277882, 954745, 441534, 457009, 837644, 917673, 626445, 607238, 966608, 680986, 744980, 234533, 713456, 586062, 472750, 178020, 251860, 585955, 263926, 357574, 214078, 742461, 518076, 940935, 357680, 142583, 934066, 890079, 970549, 189004, 570871, 331061, 240913, 459172, 400316, 891728
441896, 932519, 298214, 360745, 966921, 731100, 396140, 359745, 551291, 865353, 599447, 225028, 194238, 995109, 932159, 900575, 406484, 580243, 625134, 921018, 506673, 652109, 508206, 879290, 449009, 893865, 199965, 533815, 813342, 296332, 936578, 968220, 946077, 632786, 337473, 883438, 299510, 447379, 233858, 437956, 520077, 171591, 867219, 670104, 947698, 447117, 611056, 947812, 627593, 304139, 114881, 769530, 780838, 863751, 243072, 246948, 363512, 724627, 919824, 727933, 717179, 317567, 253423, 131854
404615, 295724, 233628, 805109, 681774, 886339, 233987, 816819, 238519, 768171, 340749, 787588, 995028, 133722, 844781, 971880, 784088, 667961, 132543, 779951, 362279, 331151, 621201, 339238, 715456, 690745, 920132, 292983, 173298, 263463, 601697, 930730, 773462, 471485, 845389, 971992, 299666, 478672, 148605, 333752, 194889, 710092, 983484, 539476, 321215, 912477, 799505, 612250, 793296, 291888, 546220, 711506, 496651, 424310, 783511, 643855, 499343, 508640, 222829, 933797, 989367, 635620, 793613, 678124
125403, 450677, 238427, 305263, 950735, 890055, 584845, 893493, 636348, 421876, 101957, 547677, 741287, 757650, 215374, 629239, 960955, 941591, 381036, 105482, 928304, 930387, 648197, 844400, 186145, 611099, 756378, 303298, 314776, 102644, 649995, 392409, 540598, 938083, 301198, 572794, 361653, 812790, 389314, 532033, 446683, 528600, 488217, 181756, 600576, 588518, 385119, 376890, 222250, 990498, 956211, 651986, 525878, 857408, 865361, 416321, 125846, 673043, 241001, 337543, 785373, 530291, 746051, 565281
996195, 650490, 101955, 448772, 419951, 766846, 352049, 995423, 714394, 155987, 897397, 404041, 307506, 163855, 627676, 834134, 265494, 736496, 391124, 105048, 962727, 728238, 127248, 542522, 393509, 879987, 799251, 754865, 759290, 893566, 609561, 342752, 624673, 348168, 271188, 489201, 777136, 889291, 630236, 512483, 347765, 557240, 292838, 828835, 746587, 144663, 474868, 584254, 629360, 201014, 856249, 811644, 879037, 892705, 444537, 908667, 216402, 444174, 679369, 607023, 930133, 345765, 426564, 702832
692610, 232518, 904714, 266221, 228743, 697196, 549561, 826852, 755994, 657796, 701611, 862788, 369794, 750031, 788396, 177595, 825301, 818133, 516887, 550434, 712802, 115410, 385000, 738055, 788635, 158220, 701744, 720479, 869396, 271477, 281598, 716567, 937833, 330512, 336968, 242352, 875591, 659717, 571812, 977246, 406959, 412668, 477463, 478639, 971498, 289727, 727663, 505107, 756412, 201944, 310264, 782351, 903656, 232291, 222959, 827669, 776527, 191800, 650420, 786536, 589189, 276472, 830329, 728462
244310, 750437, 453148, 874523, 675551, 776107, 745782, 105106, 638343, 151310, 323395, 904010, 389675, 904515, 428554, 766919, 972808, 152987, 378397, 567543, 494850, 712415, 141993, 127851, 124271, 454658, 707749, 287648, 211134, 407103, 964794, 965044, 272272, 676423, 648978, 793387, 244495, 394342, 146376, 689833, 469764, 720396, 426439, 152890, 357012, 407606, 952587, 988542, 190940, 790843, 915862, 660445, 370293, 259635, 743300, 230756, 974767, 773992, 677975, 624893, 858584, 263776, 630255, 479692
960243, 981679, 685912, 664969, 627284, 767175, 478470, 130458, 749252, 806154, 305206, 126991, 808880, 162024, 970540, 594715, 450825, 284107, 358272, 690200, 306625, 846505, 931485, 418315, 767882, 605590, 283045, 131727, 663046, 286073, 823096, 535845, 555745, 408382, 785275, 317092, 117587, 472808, 118154, 199996, 677686, 853508, 165838, 314357, 188906, 950439, 508359, 573182, 171716, 675118, 763268, 989657, 837713, 111066, 786803, 906380, 136154, 345152, 180461, 131938, 698761, 289755, 899904, 475372
966234, 284347, 310905, 745807, 879828, 470681, 930434, 577652, 394471, 588840, 572238, 335558, 921744, 935547, 993593, 916762, 752032, 752537, 857569, 767497, 707402, 860924, 502921, 260538, 312949, 898291, 977880, 650819, 613320, 633779, 307388, 956468, 148687, 218135, 327046, 186929, 520587, 238697, 599553, 614531, 355883, 196121, 485231, 397874, 325803, 329227, 833231, 703895, 754032, 989683, 981229, 137556, 995777, 688587, 672782, 530910, 117776, 522552, 249431, 223064, 931087, 294859, 989017, 588431
357755, 496176, 299213, 311418, 547778, 779816, 562886, 661348, 103052, 252560, 998032, 224630, 399608, 701912, 415432, 204064, 419140, 321003, 475367, 194354, 390708, 515009, 226112, 706601, 987578, 106807, 870241, 693681, 800457, 174278, 711650, 635943, 203829, 129436, 806027, 997909, 657515, 855327, 891947, 741608, 950595, 174843, 679220, 798820, 708781, 489868, 274361, 210862, 974641, 465388, 663056, 927219, 175643, 140394, 467537, 722938, 312034, 526418, 157306, 613765, 902742, 121382, 610954, 747238
630778, 290584, 429928, 359042, 476399, 627680, 530292, 304998, 561622, 288763, 881151, 795756, 147500, 972704, 548919, 270019, 734246, 768094, 169900, 460312, 842086, 568184, 375948, 244366, 355085, 780355, 762524, 261258, 166918, 926903, 178014, 788266, 560350, 114816, 390974, 649356, 201242, 829539, 426840, 910148, 525282, 998431, 230039, 863790, 725321, 961902, 990678, 145578, 476646, 829390, 119307, 985312, 685218, 714480, 274139, 250544, 891645, 706942, 372807, 362519, 901238, 117138, 495569, 153023
692662, 674638, 292334, 469023, 369442, 895685, 470128, 970278, 356434, 474993, 845213, 277222, 237242, 491873, 513546, 712810, 439791, 649837, 981090, 374285, 869491, 417082, 307818, 602608, 759196, 393378, 518379, 353480, 434146, 250620, 661893, 732051, 826955, 145052, 275785, 893252, 333549, 139094, 168029, 672455, 170190, 310951, 379741, 209545, 566591, 636533, 742437, 645263, 124073, 138265, 259285, 480119, 977306, 239572, 997127, 633512, 352622, 686613, 701219, 374453, 733537, 151690, 715065, 242849
317941, 524026, 797574, 565728, 799178, 470599, 990853, 566391, 177197, 538291, 349801, 178517, 831058, 157609, 738642, 793406, 467682, 299835, 592939, 834355, 831960, 871275, 880636, 765656, 420683, 508036, 254242, 115376, 639236, 636481, 312555, 572311, 174890, 387097, 753762, 341890, 538584, 478523, 335186, 337551, 787992, 553941, 449206, 600070, 349817, 574084, 563013, 945743, 585598, 443675, 444596, 503872, 644729, 265482, 807964, 383529, 615687, 799080, 807594, 964938, 240470, 868920, 762103, 979851
333288, 494511, 352757, 750797, 677658, 457849, 527968, 896887, 814205, 438898, 737258, 684101, 897453, 462599, 768693, 905737, 418729, 146019, 280891, 166600, 272960, 841996, 952516, 915550, 859639, 894055, 705094, 730882, 454123, 988768, 299834, 555642, 928107, 730242, 383474, 709399, 352441, 161982, 382650, 278971, 917412, 189016, 655120, 366994, 955540, 751818, 562301, 829724, 438846, 345599, 106301, 882820, 112171, 213185, 984711, 618846, 654359, 891524, 124045, 402930, 673567, 695131, 289611, 420325
346964, 594450, 830891, 267767, 668966, 108535, 674210, 119550, 977210, 223247, 326036, 177346, 931327, 748602, 590077, 387267, 576145, 891581, 919252, 452812, 624678, 301343, 898283, 775527, 646272, 634524, 851395, 726022, 846229, 277149, 228308, 181531, 976424, 121834, 202795, 260581, 971368, 229154, 856213, 963155, 681567, 789579, 922600, 144430, 376899, 746382, 427856, 698045, 759027, 789503, 263839, 111099, 783008, 533537, 867326, 440059, 846993, 315766, 668014, 888709, 407610, 392959, 146528, 128624
706505, 821488, 727947, 864863, 506621, 957486, 514605, 491499, 616222, 834034, 961050, 627571, 525305, 162896, 768055, 746311, 992792, 102025, 737819, 800569, 292660, 232812, 876353, 941227, 343906, 304692, 658816, 891624, 970755, 787087, 426214, 844031, 218873, 630996, 326807, 544698, 235284, 512628, 636579, 635066, 374001, 366949, 623956, 578200, 735720, 564662, 887314, 443897, 565594, 441788, 848333, 215159, 523421, 700933, 212310, 645785, 208217, 104189, 566405, 593139, 372665, 478162, 994710, 130861
311512, 764014, 188509, 733578, 128636, 895718, 892251, 462199, 837752, 729268, 935222, 588551, 538266, 378937, 273352, 872098, 318453, 559669, 207294, 837809, 576486, 164482, 448130, 181247, 298820, 227036, 142942, 551297, 667038, 426461, 153575, 847401, 420570, 383064, 875523, 771383, 360379, 160204, 699961, 307850, 889631, 984357, 950866, 223922, 240082, 563212, 769829, 332268, 240427, 927975, 200019, 789893, 201882, 394076, 418457, 316874, 301935, 836888, 390476, 418865, 240580, 646026, 361888, 748747
673139, 541983, 649452, 193737, 891501, 192047, 705554, 501931, 928627, 122158, 878071, 555019, 135215, 481544, 406246, 903613, 777634, 310748, 678367, 809736, 893633, 828369, 884734, 654777, 955642, 191132, 737988, 463737, 895932, 387573, 401150, 111178, 642668, 729984, 624568, 275266, 441097, 229268, 140969, 315066, 184428, 181025, 618409, 648880, 831318, 195962, 671563, 353431, 233257, 118137, 722801, 881532, 658464, 972133, 352854, 806368, 997713, 111371, 199065, 439275, 243450, 713528, 700575, 417200
347127, 793798, 550487, 722832, 111791, 174804, 415665, 940650, 217850, 748956, 612155, 336793, 108349, 361628, 304099, 687552, 614643, 410286, 440300, 170758, 663604, 130207, 426652, 821607, 355802, 556232, 967879, 434964, 981713, 880425, 510904, 770731, 140495, 205715, 187854, 213555, 702957, 867893, 496131, 129674, 903768, 824953, 583009, 412884, 997957, 372366, 920606, 416456, 309975, 381535, 439923, 808841, 602150, 954277, 599560, 753024, 331928, 943602, 649517, 345595, 267209, 769650, 585861, 555345
345979, 816930, 468901, 991511, 548232, 352745, 806720, 364707, 997468, 962293, 225233, 903590, 547965, 963547, 534746, 641476, 388329, 131392, 397118, 847246, 431332, 341838, 236463, 828327, 362560, 277443, 326085, 198509, 482781, 594961, 317362, 835848, 795013, 976459, 114750, 246204, 786039, 734709, 460775, 385453, 645407, 530501, 851537, 392710, 669344, 438461, 480917, 633063, 617520, 469787, 340200, 653943, 200405, 782183, 455437, 315270, 493423, 937502, 474770, 663321, 347018, 876489, 450297, 981595
326009, 885046, 622024, 708890, 605737, 889103, 218321, 365987, 747658, 889332, 138361, 678401, 317693, 709004, 842216, 468334, 979532, 528791, 548803, 884094, 816530, 948447, 317863, 352426, 303954, 203325, 498449, 263671, 614407, 708228, 700606, 769491, 977676, 140687, 712761, 783835, 529816, 962279, 317933, 873383, 489109, 814389, 963831, 460266, 620922, 571816, 494440, 441834, 885013, 664299, 303139, 496024, 986826, 969802, 923499, 971017, 946390, 892605, 659769, 400492, 833912, 970204, 531516, 290353
569624, 250385, 720899, 382934, 861424, 600621, 942355, 239170, 462909, 207748, 988857, 390387, 608513, 702498, 996316, 538261, 797182, 110733, 121405, 163303, 535113, 138873, 935702, 447575, 599047, 654243, 275027, 834340, 236729, 981984, 800181, 318117, 316628, 195631, 281641, 966060, 334879, 228214, 263632, 708236, 767648, 905689, 738743, 962266, 461071, 254956, 751121, 388829, 369038, 892669, 751687, 504315, 686405, 655713, 490527, 128585, 707191, 539626, 521029, 333061, 506504, 873703, 536264, 864910
876161, 388664, 510368, 256259, 726548, 509654, 156467, 627349, 298500, 827481, 584215, 202245, 704754, 930018, 143340, 808150, 185315, 702713, 237827, 856237, 787202, 903472, 734660, 316842, 868476, 613916, 597808, 425651, 545853, 455702, 141983, 254655, 706291, 742554, 334109, 684769, 697769, 787614, 431413, 121384, 466839, 610057, 219601, 178181, 185855, 733735, 815883, 751586, 485149, 756809, 282219, 767970, 328761, 281412, 618988, 405573, 111974, 168609, 656917, 726015, 133581, 689744, 720368, 331559
398697, 765657, 336188, 591629, 986380, 700102, 611057, 408734, 407302, 347499, 823382, 190828, 723146, 271676, 357095, 370850, 914177, 165485, 536097, 251320, 787378, 754743, 166828, 496927, 716793, 125601, 271499, 605459, 490092, 527122, 648968, 383061, 201040, 167590, 239089, 552567, 159120, 172695, 123928, 173706, 214267, 239698, 304754, 822582, 709980, 479457, 249448, 124334, 140319, 857837, 508973, 482186, 645144, 136883, 516258, 153779, 131240, 220037, 184237, 212927, 295103, 439920, 120887, 972571
164138, 272869, 185634, 210893, 899821, 804475, 667584, 797597, 797056, 535356, 452268, 373818, 221365, 942908, 835398, 643462, 278845, 535053, 145441, 950979, 726824, 592557, 419186, 974461, 179366, 317444, 630558, 179726, 302024, 977605, 302600, 924247, 136233, 720174, 657840, 574341, 195863, 289182, 738276, 954164, 928451, 878902, 164603, 810001, 371776, 350183, 163798, 962528, 568560, 312621, 987241, 463622, 430565, 858011, 836392, 658875, 500159, 976545, 878347, 889323, 328163, 194173, 396765, 453595
189097, 339256, 950192, 155070, 292195, 259871, 315219, 998729, 202145, 914400, 589802, 376891, 588963, 349692, 995309, 305484, 338552, 319550, 230698, 864440, 836445, 521576, 714467, 175567, 474948, 295212, 573605, 260439, 809803, 263435, 770692, 741994, 703186, 824677, 126806, 296178, 934994, 324606, 158863, 163113, 654741, 126219, 474341, 372971, 543169, 154006, 410656, 735538, 780653, 639113, 756396, 693973, 151336, 398903, 514751, 210836, 639030, 119731, 108074, 419323, 442125, 721016, 143365, 645924
774888, 703046, 650745, 503879, 371317, 170220, 502197, 491198, 572736, 474160, 558213, 169655, 169463, 697534, 940488, 843447, 755807, 571428, 147928, 516863, 404410, 913167, 459813, 552059, 239831, 752571, 641351, 549695, 969389, 555457, 747707, 710562, 583869, 470941, 805631, 953806, 937871, 918070, 312263, 939341, 135043, 387244, 664501, 731632, 731829, 437883, 908312, 246096, 823203, 660016, 304814, 656925, 918194, 416843, 826395, 265623, 707689, 961485, 404334, 156421, 672333, 838775, 973299, 306522
548028, 824811, 865981, 735847, 962627, 716903, 725189, 322463, 722269, 170526, 230382, 176847, 342486, 588596, 824983, 613562, 482540, 550943, 236168, 604998, 680442, 231148, 899558, 448342, 543717, 364708, 744798, 669546, 605872, 187758, 450064, 605312, 920025, 977100, 196368, 618822, 512202, 707170, 339736, 191284, 699454, 384793, 726810, 393926, 877658, 208985, 310665, 617764, 501010, 155334, 457910, 421738, 675458, 609962, 510057, 818757, 790425, 214385, 206410, 843151, 644250, 348435, 302102, 308928
907363, 349424, 190640, 416920, 707640, 283991, 244107, 365006, 491202, 280150, 932255, 785353, 429752, 234791, 618753, 957205, 137298, 412239, 144716, 472439, 463657, 308052, 294719, 843050, 662039, 284294, 923230, 946409, 963677, 478263, 798310, 923248, 376479, 468946, 992498, 978790, 492074, 531617, 335506, 833790, 139794, 946229, 635035, 447981, 706595, 399873, 186508, 635364, 822575, 768757, 691800, 930131, 404789, 275423, 828218, 991620, 502609, 542306, 302406, 828807, 607967, 340060, 639960, 480774
599692, 493222, 873855, 836033, 163340, 742448, 873698, 383664, 533332, 157296, 252537, 892630, 358916, 217249, 704698, 560718, 627962, 271565, 180248, 284789, 847536, 953558, 693636, 501696, 571591, 356581, 487825, 631308, 131746, 911462, 534761, 220235, 725224, 599345, 740459, 116333, 895607, 953878, 911594, 454748, 448123, 337434, 522009, 531827, 146714, 117188, 954813, 496162, 806514, 560527, 705167, 128809, 636711, 587622, 252254, 182979, 527681, 280548, 660966, 698186, 896247, 825064, 855767, 341107
614425, 619932, 658095, 918801, 329129, 996097, 139731, 235462, 240503, 860788, 980946, 920050, 875399, 582889, 123027, 698728, 366999, 425607, 301962, 927345, 743139, 616728, 197472, 562217, 742354, 980653, 574482, 278387, 434464, 153815, 816545, 736308, 721784, 284976, 659659, 836504, 592617, 342817, 257723, 716966, 121402, 234231, 491952, 586071, 316048, 287904, 769686, 218342, 314731, 805235, 501216, 481492, 789154, 664502, 518644, 884363, 225870, 519441, 408125, 111118, 868467, 795296, 141412, 233989
556038, 971726, 497186, 608104, 860818, 150667, 762979, 567126, 838459, 126811, 740354, 300029, 774434, 724947, 700404, 399500, 290241, 586221, 574922, 751875, 200971, 144882, 571695, 824561, 341008, 652338, 261413, 792737, 333028, 176480, 602991, 954684, 137235, 303592, 442329, 692794, 895163, 297168, 950735, 942177, 893230, 648543, 607226, 181608, 471470, 653222, 447680, 785766, 163297, 341691, 466837, 977715, 624510, 258340, 574459, 199447, 650515, 698909, 900316, 708282, 669964, 708744, 853730, 183785
391531, 280211, 189409, 353800, 372456, 574057, 573021, 129836, 177324, 193566, 294176, 383445, 747049, 123082, 250139, 359461, 419630, 521706, 755280, 686413, 642488, 427619, 616918, 219130, 221302, 295978, 329417, 307229, 150579, 886045, 456262, 548346, 559710, 281150, 951142, 601257, 506968, 903090, 281622, 110207, 562852, 991934, 425698, 656127, 574375, 173253, 119807, 852013, 150115, 748080, 464074, 855249, 717674, 534049, 851610, 522144, 805468, 135067, 336408, 231295, 238334, 689677, 127991, 328196
371392, 547585, 439849, 715085, 730242, 851031, 821126, 515569, 355888, 551463, 904141, 291345, 142890, 209462, 759631, 365059, 896984, 808565, 390393, 765985, 793767, 949603, 461151, 149132, 545045, 824579, 941260, 939679, 418260, 294136, 636426, 989696, 593718, 721133, 684641, 459621, 893518, 348109, 582454, 303900, 950383, 822428, 806636, 594161, 835137, 421822, 746406, 165715, 476972, 768372, 505958, 608037, 184618, 819491, 994913, 587698, 370432, 931183, 170692, 449470, 157733, 408498, 363667, 527935
149526, 955909, 865909, 530134, 623360, 709404, 125877, 797672, 715118, 876632, 881608, 925631, 309201, 250880, 103053, 550808, 639063, 660821, 418966, 498235, 536177, 792742, 334347, 351919, 295034, 980565, 584083, 574578, 666729, 804425, 564776, 347678, 908818, 796062, 630120, 614331, 309226, 499971, 688555, 790191, 998437, 883570, 837744, 308039, 649196, 952328, 628760, 630385, 381260, 699445, 966261, 201475, 125687, 817321, 689698, 505351, 311028, 173734, 764040, 104388, 575677, 984045, 678093, 647871
967864, 254068, 774400, 753657, 307874, 820309, 808815, 242725, 746921, 114476, 901441, 477975, 303215, 777212, 385240, 204261, 340288, 627852, 388958, 499500, 561155, 951481, 176249, 397192, 685394, 468026, 578955, 835139, 893689, 356756, 313902, 399359, 943376, 759369, 945408, 619934, 338004, 138566, 201005, 423127, 637820, 547213, 149860, 762255, 459826, 826446, 770026, 585634, 604583, 411891, 490652, 946153, 912089, 481622, 780072, 325434, 833137, 589079, 833679, 825955, 851844, 629379, 739672, 522336
544169, 700746, 771630, 777752, 567172, 823521, 354911, 828623, 385270, 320572, 932323, 606229, 251139, 305448, 415883, 484951, 131892, 358021, 959935, 175606, 694949, 783805, 272579, 348062, 361081, 668999, 718577, 834166, 438965, 174355, 532098, 560901, 641816, 918262, 421313, 950886, 359503, 284591, 270110, 560265, 213841, 948162, 475379, 677040, 167767, 983971, 607072, 249761, 538679, 444638, 916882, 668759, 333780, 612010, 137925, 789665, 473758, 743683, 841973, 143574, 240074, 995641, 619215, 363563
795274, 921137, 448978, 802546, 883047, 281321, 935869, 726480, 153070, 507815, 992768, 442122, 372739, 768205, 974384, 350478, 855812, 668812, 199534, 712020, 524512, 780734, 778398, 690381, 821029, 712229, 101122, 777246, 985753, 510067, 552184, 603308, 332043, 642133, 556265, 354749, 187677, 214254, 558731, 133686, 812682, 552795, 354684, 405598, 537413, 459968, 527539, 343349, 483724, 835522, 880451, 181986, 910636, 103695, 955323, 211475, 319327, 321699, 881821, 922479, 977577, 653279, 150181, 653903
797288, 103557, 622619, 168804, 303702, 320407, 875040, 576509, 593178, 189612, 528693, 445738, 401516, 684223, 968297, 470424, 515446, 361530, 222538, 170227, 148287, 451363, 440619, 627265, 730700, 841966, 812511, 337339, 524586, 165435, 104152, 901071, 277560, 137088, 680893, 984221, 793754, 353130, 754423, 773686, 577389, 359155, 563531, 670182, 737295, 186490, 222012, 118482, 686754, 459119, 198848, 705443, 973468, 964585, 128566, 913757, 120297, 401969, 717592, 209645, 530901, 370011, 163399, 410788
392057, 915554, 348887, 654380, 341440, 975690, 201382, 569187, 777761, 532244, 137351, 441761, 510285, 701879, 847115, 530585, 640182, 954879, 562263, 161612, 484805, 375348, 190647, 903323, 472447, 819793, 881469, 948634, 672089, 726087, 275505, 458473, 339352, 509722, 775627, 296284, 627051, 839929, 232085, 885166, 314627, 112205, 424401, 272604, 627383, 693601, 371473, 928509, 237931, 400935, 646226, 153945, 354688, 233066, 365107, 311238, 928531, 825735, 352307, 623509, 568106, 158341, 926977, 710184
586588, 277566, 944493, 420694, 292943, 630260, 768026, 337087, 432723, 364244, 444223, 597985, 685127, 263100, 999468, 138429, 948456, 551753, 640216, 271174, 886520, 776562, 405496, 663386, 217083, 130340, 337652, 467496, 403909, 894067, 221529, 231372, 422400, 474296, 586764, 950989, 751642, 685194, 365598, 525436, 767083, 636555, 516892, 588429, 297372, 744175, 642548, 345417, 856280, 458019, 693647, 595623, 108754, 935108, 264320, 458428, 830404, 543669, 621884, 800646, 700401, 525650, 302284, 841554
