627058, 594994, 432069, 799574, 626242, 566758, 812434, 245045, 894150, 363365, 956304, 906448, 564726, 681280, 684125, 703081, 393152, 901557, 814752, 448577, 728691, 772518, 766015, 455350, 911196, 912026, 549376, 746791, 703906, 939015, 943977, 433094
119222, 462732, 833868, 968350, 659001, 200457, 681817, 600600, 197703, 939109, 978103, 513859, 536588, 577655, 884670, 769354, 505770, 693695, 226110, 352138, 955406, 943659, 220230, 102883, 228428, 498980, 678629, 324695, 898164, 755781, 746739, 692739
163432, 500481, 421262, 247769, 978994, 232845, 265255, 344975, 256097, 557681, 251196, 161412, 115451, 435891, 393197, 646750, 344995, 113274, 767716, 435860, 437198, 785261, 452055, 300297, 285386, 300078, 173598, 976479, 950628, 147588, 789705, 870728
565158, 113947, 761155, 341327, 821891, 749779, 826787, 578267, 778528, 514971, 142414, 828662, 533940, 540557, 404512, 604666, 682318, 387499, 612040, 181221, 286537, 449966, 893282, 586511, 745669, 782689, 357717, 397178, 412744, 681322, 179912, 459287
416153, 601612, 468814, 731900, 881586, 869251, 211378, 107393, 382616, 490294, 318889, 856466, 234927, 235424, 373800, 330616, 406166, 615830, 669411, 616180, 281142, 700227, 300803, 404926, 431691, 956153, 279317, 141675, 765937, 722440, 635881, 471701
507143, 363501, 567791, 973472, 751798, 155982, 173658, 356832, 483867, 971438, 152871, 506536, 479214, 341255, 744603, 957342, 956317, 574846, 437511, 198587, 797744, 991368, 692121, 708344, 346784, 520632, 477115, 182089, 959954, 583330, 768597, 346538
800961, 584136, 425508, 677127, 175431, 287935, 228026, 947842, 513973, 905554, 238669, 504073, 644234, 996512, 319102, 822473, 466622, 819864, 616162, 150811, 920559, 889028, 796314, 633509, 508237, 841725, 134904, 793951, 142030, 159441, 518007, 108909
397161, 600205, 191658, 772309, 811629, 995129, 258331, 668877, 596729, 215757, 781430, 184176, 426636, 474455, 901085, 753341, 361176, 346045, 874517, 171795, 344162, 456159, 174029, 142810, 985781, 266385, 187062, 728838, 881156, 180479, 388370, 323877
159325, 405254, 835874, 812390, 992725, 130381, 839968, 294821, 627981, 112713, 949693, 207028, 540004, 830313, 864852, 101406, 523456, 736162, 898199, 943359, 670384, 641165, 900550, 901474, 549723, 927214, 803951, 322164, 706532, 691651, 455956, 741059
437123, 874630, 296580, 490580, 380617, 922419, 704233, 539000, 750372, 370318, 735497, 777910, 342280, 448647, 950750, 217210, 401231, 334111, 202029, 835410, 582193, 563662, 581137, 646260, 328534, 365455, 461881, 989560, 982606, 784409, 821596, 140192
635904, 815382, 563044, 646488, 662580, 372192, 574188, 509008, 776385, 924282, 810936, 374060, 973342, 343964, 464591, 644782, 246045, 710048, 550209, 906097, 661493, 961713, 283281, 499445, 171342, 682836, 562791, 936429, 992421, 814964, 832334, 567588
778852, 112694, 440847, 123756, 188549, 434935, 180662, 956018, 648904, 476510, 773019, 752983, 589802, 873211, 256566, 223533, 703494, 586712, 717545, 873017, 347054, 391336, 414328, 257661, 897027, 177518, 968970, 306938, 795270, 996274, 534953, 213460
866781, 682525, 690115, 664077, 651444, 925454, 843450, 573248, 825374, 701258, 832707, 896845, 839305, 419940, 483638, 446701, 179283, 741667, 160988, 524707, 819364, 412492, 309159, 872242, 585346, 465588, 824833, 723650, 446666, 636709, 170968, 815891
396618, 635399, 347057, 538762, 468341, 516865, 997661, 783001, 483622, 372195, 929516, 847152, 702989, 915569, 797767, 345475, 763641, 531000, 473508, 611215, 946104, 462433, 763324, 598503, 847304, 205454, 205565, 484709, 157612, 406092, 240846, 259659
640856, 906618, 598678, 653510, 502819, 649381, 268415, 626918, 259667, 999375, 719942, 106187, 867996, 927544, 133266, 422466, 210023, 246708, 380093, 966353, 525323, 532612, 806899, 281396, 959232, 134714, 170925, 538215, 762349, 325771, 567664, 945571
140855, 798536, 872717, 536103, 957702, 670508, 175547, 240200, 566017, 705938, 335451, 235023, 367224, 479995, 339408, 736634, 401021, 363145, 806731, 912629, 401432, 834352, 126944, 391567, 309860, 154691, 404697, 996705, 394202, 683153, 391044, 430863
166466, 964953, 619176, 613488, 664716, 919523, 492173, 674842, 884343, 277863, 529397, 545203, 351209, 821393, 203415, 129010, 454697, 217390, 995175, 483138, 895282, 564103, 995216, 540500, 213470, 967729, 477371, 901682, 287563, 675853, 197212, 817707
719098, 553955, 816814, 522029, 949842, 337552, 272472, 877044, 186452, 685946, 889988, 291211, 976280, 916568, 565167, 714923, 999213, 961734, 878171, 796354, 801846, 505286, 472888, 525588, 748313, 882696, 351596, 680398, 191357, 747466, 462603, 663543
825123, 272520, 529108, 206498, 508541, 762570, 917586, 818116, 918899, 207437, 136705, 382566, 383904, 239561, 938205, 689606, 352333, 838780, 177606, 737588, 273712, 842492, 532258, 307183, 754508, 593463, 511736, 148762, 771351, 579910, 272723, 642948
363393, 330229, 548338, 781799, 614202, 746123, 820323, 515901, 305323, 928681, 538527, 727501, 589515, 102885, 193055, 296378, 411194, 392522, 301754, 180228, 462857, 348086, 127259, 410408, 200326, 571776, 704471, 887241, 767472, 101063, 472293, 367552
180447, 444689, 657723, 816891, 575919, 896887, 190410, 748637, 372264, 941500, 901799, 945407, 532290, 785771, 148469, 951060, 913225, 868021, 815910, 318293, 219492, 944695, 884710, 640325, 875062, 253752, 903076, 223144, 399580, 491520, 731436, 591521
160786, 799201, 420089, 182920, 856139, 678335, 901551, 593442, 514685, 337597, 178582, 186853, 120627, 713016, 659947, 463157, 424201, 999238, 259277, 999522, 686365, 433981, 567546, 205843, 555732, 819830, 250401, 121207, 946458, 518554, 139684, 779019
678738, 393771, 904412, 953626, 779230, 381937, 839953, 863216, 298147, 223188, 930575, 365541, 870795, 206275, 314110, 639554, 549922, 474554, 759965, 985022, 880992, 125654, 477726, 151763, 247786, 885847, 285243, 546703, 649965, 935415, 292027, 619952
696202, 758469, 185430, 943070, 326947, 877694, 244341, 431198, 785948, 122002, 658004, 502246, 448866, 712480, 282946, 989418, 833876, 692566, 790442, 108177, 923079, 946299, 822902, 839212, 640359, 395385, 818985, 982434, 167539, 110070, 176865, 236929
381192, 745930, 752105, 384065, 340075, 239980, 792758, 998715, 617627, 551472, 486792, 610092, 381600, 850657, 808406, 729299, 479912, 302195, 907660, 886501, 156342, 421449, 538122, 244848, 682414, 959018, 599115, 679414, 148127, 443528, 887750, 364542
257568, 307814, 499084, 864717, 647563, 803815, 493383, 549903, 490131, 864764, 615443, 729440, 153989, 231919, 192096, 657758, 911769, 580747, 448418, 132950, 730213, 811874, 145573, 882057, 111071, 587361, 833305, 535022, 497738, 510191, 756299, 741896
345256, 895894, 186392, 874570, 368699, 519453, 251570, 180148, 775837, 907312, 976873, 490641, 993396, 904562, 784911, 912471, 756105, 219917, 414484, 573212, 655272, 343713, 511893, 911937, 846207, 477010, 927952, 188288, 718320, 932593, 394011, 880349
102169, 239633, 676966, 840645, 293252, 924547, 316692, 934118, 556557, 467146, 309226, 158388, 168283, 729552, 724582, 517573, 393883, 788924, 309887, 546357, 135917, 387773, 190732, 767252, 129466, 381025, 125873, 568913, 614519, 553118, 125018, 950479
760923, 908348, 931997, 505766, 414119, 970429, 492382, 259787, 728166, 153212, 157138, 920083, 258147, 368644, 507596, 765824, 561544, 996230, 763525, 641418, 620686, 942961, 395427, 141210, 977017, 802733, 362784, 374613, 182275, 809895, 751440, 781928
875208, 511274, 739972, 638570, 694721, 625196, 987214, 119385, 976640, 520617, 768086, 962657, 599283, 610169, 777633, 866969, 915704, 894236, 248557, 254786, 601462, 948788, 135233, 665005, 146401, 234018, 691394, 343395, 944177, 931889, 197535, 137370
820914, 307968, 698751, 734123, 266335, 879282, 148889, 431355, 696980, 919957, 899855, 448050, 176129, 316241, 528653, 451523, 771513, 375399, 229631, 921245, 537544, 866158, 865436, 855589, 144815, 393714, 514036, 947041, 484092, 739004, 287144, 423303
452967, 140091, 863766, 710403, 238622, 876386, 697304, 169811, 133318, 965672, 114329, 437494, 101811, 563379, 572389, 600995, 203204, 444536, 951940, 744159, 744175, 137979, 528059, 894243, 631024, 134187, 419474, 941052, 640232, 166276, 688035, 437662
