617507, 926774, 872736, 559831, 634873, 126868, 332684, 768300, 766637, 112540, 359884, 139330, 411781, 103582, 221110, 956250
187985, 287831, 397391, 597503, 666496, 997993, 766398, 641108, 698124, 447437, 236109, 135895, 958192, 637600, 591503, 360679
616376, 297402, 356369, 872036, 782198, 953486, 895261, 131291, 635203, 287410, 272555, 238741, 604387, 591657, 133043, 950910
264656, 696501, 664296, 188016, 714558, 629620, 571233, 499483, 441751, 827373, 588086, 678323, 412315, 415056, 299936, 367471
328052, 338908, 935642, 845699, 823958, 371202, 282909, 765599, 956923, 954726, 309398, 621434, 250656, 422723, 689876, 922941
957200, 471387, 532946, 733655, 131836, 707521, 150509, 392230, 787166, 298875, 380239, 298522, 498107, 220370, 363054, 579274
751914, 387139, 478803, 480032, 330421, 858505, 753811, 837852, 669860, 864692, 666026, 855871, 207085, 816048, 754278, 163755
404651, 973986, 334288, 359413, 556052, 528590, 879570, 796602, 917546, 121752, 882654, 450729, 635347, 993033, 180410, 592038
588619, 171856, 980407, 693645, 116637, 583690, 961187, 360004, 896226, 316346, 540379, 375745, 822294, 391774, 977165, 430423
670251, 200177, 144588, 696381, 656577, 615057, 396549, 567571, 980227, 275942, 272079, 524505, 137951, 344687, 682886, 790033
351805, 127500, 408238, 921762, 592898, 679881, 387617, 639468, 966209, 132143, 141429, 337007, 746667, 585508, 912577, 936588
741522, 861553, 446076, 166629, 626623, 589711, 575859, 574378, 378250, 953383, 297399, 584584, 886815, 356963, 822528, 742680
187093, 883812, 574188, 646692, 881634, 421229, 461424, 941479, 341886, 211514, 855069, 979019, 657873, 877799, 564890, 356623
429022, 311245, 614735, 317762, 536713, 535922, 853584, 691254, 221087, 755292, 831729, 366905, 634006, 620158, 655475, 462712
679607, 706802, 633516, 894125, 416202, 461527, 924142, 724147, 556397, 564811, 289607, 721854, 144227, 837014, 578031, 111055
701723, 175814, 171883, 683600, 763643, 439684, 963688, 557585, 899647, 129287, 260219, 163887, 875308, 676099, 353380, 476703
