729057, 988234, 879688, 143302, 258413, 809384, 465528, 130590, 153329, 796579, 658766, 555830, 989835, 748396, 858512, 875476, 195177, 514111, 117755, 353922, 862311, 967013, 616278, 991516, 358571, 349962, 669327, 598432, 105896, 448722, 349303, 349460, 726685, 905089, 738792, 658034, 899997, 508043, 878086, 558424, 932500, 666078, 459495, 754146, 739619, 121896, 569505, 216270, 679046, 668045, 393288, 132643, 417650, 908944, 910467, 306695, 445993, 682659, 551213, 359835, 870787, 124340, 888584, 563927
206657, 900067, 346779, 732827, 496384, 155918, 716735, 480483, 342023, 201092, 732655, 489414, 405492, 616298, 145480, 251599, 704407, 785636, 282875, 922706, 849162, 630809, 864465, 583572, 299154, 481654, 164428, 971026, 805692, 831911, 802999, 266189, 203257, 213174, 591618, 168241, 809762, 137514, 525538, 583470, 581132, 615650, 893294, 880024, 220622, 358607, 842271, 527150, 558160, 931230, 593576, 926459, 809696, 698696, 664749, 148952, 987995, 655578, 421555, 852495, 784730, 320507, 139473, 397541
796038, 900979, 519970, 327249, 464357, 705869, 711349, 342497, 792638, 608264, 974436, 121589, 705370, 248938, 982552, 574793, 803980, 183195, 698619, 955214, 947139, 980329, 714485, 180627, 705888, 346178, 630717, 504684, 952925, 760986, 586721, 996672, 396016, 225672, 109867, 592054, 877738, 296598, 790724, 789108, 123561, 350718, 961264, 724213, 107853, 636790, 974691, 152651, 201103, 105943, 800200, 664515, 999045, 782543, 424576, 449455, 914090, 517598, 588065, 190615, 286178, 441086, 641660, 482420
948981, 943541, 879583, 888762, 542228, 612778, 793907, 119681, 215971, 409722, 866632, 717972, 278241, 317780, 382754, 320396, 593491, 590832, 572149, 981882, 267041, 268570, 876782, 699623, 558337, 377581, 356338, 190336, 480364, 720402, 845297, 915191, 633656, 283748, 898355, 141264, 174227, 458417, 659446, 189318, 181598, 337745, 722699, 559205, 357509, 717295, 339004, 311053, 151534, 627128, 960897, 436353, 254191, 550661, 309204, 367672, 480013, 668595, 837946, 350697, 265522, 618047, 350080, 345402
858496, 898165, 745945, 885915, 173859, 344706, 697809, 649808, 771934, 758161, 248919, 581083, 402102, 631694, 729723, 916337, 403590, 200772, 513629, 170615, 635311, 223816, 361423, 318804, 411325, 887653, 792020, 488663, 624457, 678377, 228411, 976476, 736861, 766134, 706725, 774406, 824399, 315495, 714495, 261414, 407060, 612846, 165099, 748812, 562930, 664307, 288579, 102520, 416834, 948541, 116894, 485791, 722149, 834128, 255697, 223219, 832647, 641716, 665871, 596997, 671832, 637310, 975672, 729433
748009, 863740, 687116, 286659, 391560, 936553, 536840, 822257, 438792, 781344, 251174, 802755, 148262, 678945, 517892, 213232, 778438, 447387, 228199, 464657, 553391, 967752, 232971, 915480, 114878, 679723, 956682, 602657, 737170, 356338, 526026, 646132, 178517, 213740, 951353, 452315, 455376, 904767, 608470, 403754, 240781, 740725, 814955, 397743, 450125, 905758, 909605, 612429, 558235, 206207, 988765, 808510, 777849, 384163, 333783, 142443, 459809, 398009, 635491, 451372, 122582, 919062, 111163, 621026
146340, 863506, 385387, 960687, 773501, 765134, 881279, 819330, 820797, 508533, 746418, 958238, 800910, 523562, 390109, 717272, 172939, 285293, 631120, 676950, 801693, 505148, 870903, 506016, 945927, 271986, 488296, 399147, 729106, 743733, 597919, 940506, 343156, 100071, 466176, 901304, 178812, 845682, 819763, 833436, 655617, 526224, 655736, 699299, 809796, 412550, 426473, 520188, 338740, 234594, 460800, 858404, 796343, 591058, 699431, 828668, 563158, 911565, 135659, 761624, 896893, 731496, 244057, 149496
266962, 843246, 791599, 693423, 152049, 628520, 694583, 736352, 131278, 897191, 622374, 976504, 882548, 579421, 935149, 366060, 199391, 735804, 896615, 988266, 689838, 836623, 149161, 258418, 991021, 932700, 592559, 317588, 894743, 750252, 929396, 304969, 544621, 400196, 891473, 909423, 685142, 832361, 277550, 272968, 406280, 141387, 467674, 973391, 247354, 905659, 182080, 327001, 349418, 925900, 229291, 725489, 596670, 584470, 924202, 152349, 614138, 605544, 947953, 907660, 600065, 321267, 539809, 278071
356121, 793638, 765376, 507750, 455071, 986319, 757608, 229372, 181309, 528372, 784501, 986907, 925678, 827063, 771319, 789254, 967240, 839027, 823765, 388564, 665196, 169768, 754774, 287890, 123119, 202458, 152631, 349216, 894097, 119908, 300157, 295511, 730443, 132388, 736032, 113179, 186032, 583466, 183328, 717210, 482118, 696360, 584143, 314357, 880491, 341171, 362989, 370240, 588991, 191823, 408159, 548476, 341743, 615742, 850038, 265199, 432723, 915735, 249146, 702865, 924665, 837129, 814527, 928018
887930, 212971, 235241, 548643, 767156, 505769, 383221, 658004, 230236, 821455, 556828, 969482, 729514, 917673, 521371, 183542, 633918, 211109, 934617, 323493, 202291, 607803, 467758, 299074, 543471, 279480, 854734, 355082, 814090, 129901, 365324, 134287, 657375, 493360, 662101, 744747, 694965, 620195, 208169, 503079, 356440, 468809, 595938, 678302, 286068, 278621, 100990, 151257, 446994, 455184, 481329, 196535, 435832, 555626, 950218, 705065, 440763, 559700, 856667, 982049, 858180, 274278, 309786, 617157
553701, 902698, 439113, 493106, 934347, 923286, 744955, 512189, 328342, 777493, 976019, 120901, 791748, 768350, 169787, 570307, 162720, 209263, 149228, 864703, 150183, 818284, 668761, 777684, 503453, 428918, 211475, 573567, 854425, 510653, 756334, 492563, 878148, 280360, 896699, 746717, 509898, 169542, 237541, 337802, 204791, 487432, 505564, 561356, 524479, 249436, 975425, 892065, 574588, 690721, 952616, 329680, 867395, 609735, 685827, 461699, 373143, 619328, 602050, 370005, 359893, 707078, 226779, 251173
351248, 647115, 615609, 525121, 722192, 706196, 626027, 281309, 345636, 311151, 238130, 909482, 227672, 178641, 104353, 132717, 245613, 165157, 865019, 401730, 235029, 769007, 590273, 305033, 191569, 292365, 127592, 902864, 395158, 540891, 878522, 978108, 152548, 137406, 125913, 876622, 895198, 355824, 840613, 128620, 782468, 111426, 125564, 374395, 888050, 148908, 387277, 597453, 864010, 229378, 517609, 786444, 423028, 918439, 605600, 551558, 154032, 781072, 573903, 483069, 932841, 668711, 199834, 139850
346115, 971294, 439598, 352511, 670550, 354772, 179045, 155518, 491809, 556502, 835303, 156529, 961591, 278417, 645797, 757356, 955179, 972199, 253373, 384503, 252762, 152086, 760534, 556458, 795710, 895863, 503327, 482817, 936456, 587349, 825084, 985103, 852965, 728118, 522495, 298713, 887691, 251797, 151274, 907455, 511994, 385234, 675397, 559065, 187838, 738998, 478895, 861327, 215484, 213404, 516433, 768227, 186406, 149021, 810393, 573557, 440249, 783918, 737819, 336627, 398485, 393677, 305591, 596377
513478, 926720, 250420, 523131, 308032, 617483, 178029, 859779, 368197, 395988, 912519, 626797, 950080, 291630, 619718, 143706, 741480, 866126, 506816, 617470, 969160, 449622, 325928, 189177, 254041, 462260, 718441, 432340, 966409, 503432, 659997, 241064, 332895, 132322, 968130, 202729, 210477, 388936, 421047, 825934, 308915, 593455, 799794, 710196, 715888, 512430, 760623, 671067, 130447, 979081, 615076, 998075, 135839, 233896, 402280, 603342, 297907, 613614, 925286, 995663, 391686, 134127, 272088, 703445
338162, 436234, 440282, 524110, 135701, 348759, 559268, 460798, 162547, 722649, 104792, 145684, 927852, 581764, 795878, 381039, 634266, 659188, 176365, 783447, 199641, 922624, 349964, 455305, 195001, 168321, 234253, 186848, 754325, 512487, 759527, 657080, 508282, 965812, 328017, 714093, 238030, 253386, 659093, 173323, 515710, 705161, 372646, 854116, 810826, 638937, 140679, 574379, 794493, 884403, 819186, 112936, 996223, 183737, 959870, 532561, 240223, 535315, 411266, 505248, 954973, 509912, 485427, 704472
278447, 832758, 565153, 773986, 424312, 317202, 121967, 834529, 607172, 894428, 269330, 290857, 337252, 503843, 413977, 343869, 368292, 422148, 379339, 243365, 611220, 277158, 915598, 256076, 428711, 269387, 577108, 483392, 955408, 833433, 293261, 268877, 293815, 825447, 388804, 966921, 444003, 549970, 481187, 464568, 586141, 997384, 247304, 530477, 150227, 935474, 596305, 781391, 956666, 738163, 243445, 111751, 492785, 494704, 679523, 695720, 790429, 875007, 591462, 145999, 583518, 263650, 324108, 790414
380475, 316535, 644443, 343189, 721121, 606608, 897033, 646851, 852137, 626418, 423344, 211473, 426293, 530898, 645411, 571993, 688682, 557977, 877372, 918383, 178862, 390632, 270984, 843067, 258012, 853533, 415426, 953048, 293452, 389096, 282578, 819173, 201998, 769859, 130751, 992502, 732072, 309880, 705416, 484205, 610878, 838742, 501450, 290905, 159830, 105588, 895958, 696060, 985506, 452507, 277678, 612100, 196753, 723704, 418899, 256885, 872956, 164204, 921814, 486852, 350272, 182162, 450003, 387027
204686, 377261, 889657, 977732, 291272, 436252, 985103, 994288, 630953, 432306, 437421, 471674, 935765, 941104, 167626, 610644, 409451, 928994, 562170, 351627, 438953, 205455, 808665, 804056, 953026, 395371, 873323, 332524, 745770, 594059, 387448, 347333, 442369, 359319, 259955, 165721, 822423, 813343, 338566, 450841, 326496, 582559, 297240, 574807, 211007, 595150, 445310, 473219, 848973, 243856, 426152, 347630, 219402, 474583, 522682, 276833, 603521, 601512, 421570, 874514, 963244, 686209, 818839, 579113
286865, 946570, 818987, 751147, 118699, 541379, 263322, 833826, 907352, 334483, 525161, 940372, 264450, 339349, 731582, 300438, 542803, 445261, 227768, 374769, 151182, 283574, 730166, 213305, 740878, 172626, 925527, 614524, 509954, 739947, 134543, 975828, 170397, 739539, 402367, 591379, 543168, 195423, 273514, 917764, 276797, 719588, 663803, 550303, 390361, 874416, 616991, 520537, 361633, 595911, 838330, 979733, 256698, 858742, 612440, 183165, 319982, 837709, 972929, 343977, 928495, 968564, 129911, 392201
703901, 607525, 153805, 441954, 275431, 708048, 526007, 169601, 343599, 979526, 471360, 480673, 482413, 492727, 801628, 354054, 232618, 773404, 823997, 627604, 256956, 261968, 269331, 838514, 855882, 398445, 294731, 243933, 455395, 328171, 114848, 313081, 674899, 977419, 334937, 498152, 100880, 691626, 236214, 363750, 927444, 124325, 850501, 708774, 536688, 105349, 750761, 866560, 932483, 658865, 407937, 221406, 359897, 540158, 590490, 699424, 748033, 615763, 878777, 784599, 106786, 539648, 931232, 431981
792322, 145244, 300362, 568988, 370873, 330109, 777058, 694088, 675162, 123742, 953821, 936366, 518330, 250917, 561889, 605421, 752160, 983078, 315996, 381534, 903574, 317453, 793969, 854266, 455838, 875865, 302266, 985253, 834204, 401154, 188235, 949640, 816364, 660081, 456151, 928302, 415767, 668301, 755684, 164820, 525051, 519592, 426000, 188243, 767286, 348413, 328688, 807056, 835675, 118152, 928488, 827543, 788219, 270453, 534500, 727933, 313525, 299953, 431216, 334410, 948452, 171020, 981890, 784994
904902, 157592, 868571, 577976, 143422, 863864, 219820, 441380, 202746, 475655, 712631, 794625, 849209, 548475, 255996, 551020, 587041, 109605, 177192, 372430, 814171, 965893, 760181, 141905, 679922, 274373, 331378, 268223, 316081, 566965, 495089, 562288, 669249, 404094, 129836, 458930, 563740, 654236, 512151, 806996, 260401, 497710, 842897, 819455, 584047, 408415, 258792, 675345, 155734, 743515, 265922, 421966, 324129, 553965, 111658, 472704, 586395, 728925, 546215, 869184, 403523, 121462, 264130, 488624
444912, 233250, 202383, 180427, 374762, 995187, 513708, 395536, 840169, 277065, 978905, 626997, 182224, 431982, 727191, 516872, 498145, 360957, 367557, 616304, 523122, 194810, 457929, 606495, 800008, 815479, 936563, 233035, 468391, 820144, 908943, 251067, 759884, 976261, 414237, 234755, 967546, 427865, 895657, 781501, 364974, 508829, 340721, 624700, 243220, 190104, 851012, 899609, 385923, 267559, 555939, 891030, 746937, 739183, 158973, 748660, 574357, 487271, 537177, 523356, 542519, 167125, 247970, 181623
265958, 927949, 185544, 103629, 496115, 819509, 389543, 413348, 362346, 452665, 144901, 481511, 666882, 303739, 234633, 578587, 296501, 237457, 981043, 236456, 809487, 198653, 906927, 379187, 390589, 504349, 227192, 522083, 785721, 790568, 472415, 286449, 791994, 693557, 537204, 433807, 475263, 569305, 596437, 271762, 280937, 130678, 212252, 756742, 443250, 683972, 200421, 897667, 253868, 400739, 303923, 550384, 351194, 153982, 288797, 237068, 322561, 100084, 121057, 873129, 446616, 988543, 675636, 499269
876369, 690220, 134891, 423747, 787742, 126817, 476428, 583361, 235634, 296961, 419071, 773773, 728148, 794134, 200984, 891513, 892702, 216331, 254616, 109464, 464254, 499162, 425114, 294098, 312676, 338849, 366977, 651593, 789917, 146115, 610259, 824017, 392759, 674932, 327458, 580834, 892918, 870057, 667560, 882406, 858607, 932313, 645843, 538838, 445419, 193117, 400685, 321638, 985255, 157991, 407128, 641630, 395284, 420391, 908234, 497921, 408114, 523111, 262485, 264771, 962225, 337369, 118507, 562268
763030, 521399, 349013, 956958, 174332, 854525, 684938, 359852, 478999, 869346, 585617, 367200, 743450, 982090, 813932, 164680, 411651, 679937, 625584, 931296, 884011, 265699, 945227, 350852, 431551, 124001, 353306, 651439, 728291, 524415, 576814, 754027, 897354, 461298, 302945, 285634, 577521, 191168, 828063, 363459, 232708, 817446, 583818, 415905, 113997, 786549, 788161, 581441, 802014, 972676, 100228, 827942, 201200, 665826, 524819, 853566, 226687, 508349, 230402, 670473, 985707, 370438, 984424, 979589
619666, 196290, 488254, 692465, 421134, 265724, 574216, 646665, 148622, 926152, 449571, 373862, 965920, 334602, 134767, 811040, 715072, 428928, 278618, 755659, 578983, 178673, 253865, 179010, 354590, 878017, 423275, 233007, 773065, 567826, 554977, 334760, 175307, 220962, 969570, 954480, 336607, 578491, 437615, 304656, 133305, 110208, 767696, 991926, 839297, 792077, 543943, 190756, 400111, 124998, 374282, 709250, 490582, 194698, 137553, 820405, 709798, 497477, 726397, 202319, 696625, 644152, 335805, 141884
977928, 951326, 494137, 822177, 965255, 237144, 744442, 177608, 260274, 864901, 658271, 353640, 330545, 658224, 288596, 327908, 812601, 757581, 347094, 389536, 168625, 739791, 114636, 151545, 790389, 337867, 395386, 736715, 520378, 663513, 383964, 395117, 874495, 820792, 923352, 775429, 250828, 937021, 812742, 902768, 489774, 893419, 698219, 382097, 341762, 774557, 319577, 802858, 537882, 944140, 179954, 739510, 598884, 665226, 359599, 805082, 201023, 699065, 478335, 477799, 336209, 329469, 991779, 761907
299015, 945224, 672729, 596728, 862561, 264123, 452553, 989175, 946691, 228106, 628680, 163466, 622034, 665932, 318557, 711787, 473957, 889418, 650395, 177082, 838773, 624540, 450723, 294645, 608868, 981627, 328386, 808307, 687801, 851068, 447064, 910377, 215419, 178788, 984651, 224130, 634738, 677053, 847284, 662280, 455418, 764028, 176318, 121016, 523713, 991530, 263656, 706535, 539831, 694125, 937118, 772558, 770987, 287510, 961771, 601108, 467198, 520386, 519936, 394064, 453674, 303460, 220147, 357439
313066, 459814, 559882, 677943, 857955, 223541, 976069, 939294, 420110, 183815, 319946, 128933, 809742, 931868, 824386, 121427, 208413, 728373, 190745, 231788, 615131, 636030, 495686, 431643, 754912, 566572, 351260, 176447, 190568, 186828, 745385, 704741, 788232, 131830, 837700, 465992, 277554, 650028, 202595, 730138, 456377, 562605, 373317, 394231, 729307, 898128, 487785, 885005, 107264, 101964, 319221, 429843, 628042, 335050, 828656, 391561, 831932, 965625, 906602, 522755, 734709, 895497, 835874, 292922
725534, 369989, 121221, 393855, 185330, 132859, 560940, 173415, 890322, 711292, 760511, 280366, 425646, 377647, 930344, 684678, 147402, 521161, 156045, 573285, 814593, 966499, 146767, 607800, 383475, 258266, 482490, 227155, 726007, 357055, 828928, 441211, 932050, 219820, 893867, 829273, 467310, 438680, 914203, 126912, 718429, 760780, 959388, 467642, 620964, 660990, 617462, 958838, 968671, 282961, 329507, 922164, 304479, 641295, 703449, 341868, 266059, 445639, 782813, 236073, 883895, 467950, 815949, 183595
537995, 415263, 581172, 646216, 953040, 618630, 885693, 325426, 417401, 614628, 276394, 652173, 890337, 884383, 482967, 884869, 735023, 541051, 940141, 665596, 819988, 697246, 223412, 110008, 782121, 784138, 561121, 471316, 774124, 654418, 618166, 355436, 582592, 516669, 304530, 627910, 289217, 364717, 840697, 259348, 341036, 295718, 494596, 312860, 252661, 265091, 207172, 147255, 674961, 728302, 635336, 892499, 873898, 259456, 686669, 534060, 780549, 329666, 823006, 989988, 900832, 741250, 783375, 408623
894281, 207510, 919003, 824351, 630604, 352627, 550765, 989462, 895663, 280891, 905957, 507183, 117300, 495434, 266095, 234907, 513678, 492760, 228828, 605370, 676093, 345435, 920426, 613759, 537306, 581520, 483674, 179437, 367124, 858533, 446945, 981880, 353320, 415908, 652636, 929161, 334796, 824899, 477395, 353198, 995355, 237082, 362771, 446144, 607941, 614890, 321300, 209403, 637523, 148883, 121654, 819851, 905309, 594579, 669659, 385257, 463266, 936997, 464483, 473954, 994092, 799157, 396772, 961849
777369, 722122, 781221, 358706, 311051, 654904, 484519, 866523, 940224, 396420, 112382, 454855, 276405, 857780, 100251, 945395, 920970, 202791, 698526, 703664, 166112, 631736, 172228, 461190, 779308, 466472, 156229, 854635, 199812, 846741, 630466, 158401, 714090, 694216, 126373, 602071, 989741, 705663, 661551, 107362, 515109, 953266, 835243, 214611, 695389, 709621, 897812, 690567, 612251, 447475, 466347, 188972, 559662, 140277, 523693, 227784, 397155, 236333, 869343, 642680, 847113, 822641, 273365, 918511
977708, 882707, 760137, 558331, 365115, 274314, 683965, 471060, 663142, 696234, 787669, 540762, 961732, 695693, 384824, 765666, 805433, 605604, 275532, 528846, 408791, 819396, 878405, 894795, 309165, 315671, 578921, 797501, 607267, 695656, 593213, 180493, 823546, 175936, 874434, 170066, 285668, 858029, 853186, 201414, 552552, 514030, 486166, 993707, 262099, 712254, 165435, 858738, 507747, 209832, 454805, 541849, 797567, 254475, 816293, 906347, 837741, 583851, 831834, 489618, 897830, 880303, 123914, 820936
824770, 442881, 347020, 765759, 444838, 577767, 350232, 369039, 794283, 500557, 375772, 501711, 590346, 166936, 267597, 750847, 981348, 232075, 586141, 638672, 950000, 213313, 523350, 466547, 223798, 106664, 988335, 872607, 926022, 287101, 755762, 662879, 899527, 412924, 700047, 541170, 382998, 214978, 833598, 460103, 151681, 491084, 365178, 352869, 959200, 570839, 778756, 384151, 673715, 548142, 859655, 545424, 925286, 337159, 519609, 231646, 546133, 219810, 183882, 318049, 820713, 747325, 535161, 133736
506382, 705130, 536950, 641589, 865340, 148819, 892548, 610729, 339335, 257241, 509938, 353498, 806314, 140227, 171894, 913992, 721525, 417495, 685147, 466893, 694686, 292857, 525364, 631018, 890975, 384076, 897641, 212637, 814547, 513616, 994471, 443779, 879025, 523170, 398267, 869231, 670397, 206470, 407281, 668041, 751951, 840139, 452520, 323188, 428077, 922042, 837080, 456100, 795511, 547873, 352107, 858241, 692920, 946647, 562853, 145757, 467245, 859577, 579292, 921135, 425681, 547333, 138307, 930161
371468, 550866, 254082, 335831, 145055, 601119, 901390, 763052, 285118, 386675, 854496, 960713, 425229, 551528, 364597, 729093, 163066, 887314, 750130, 304919, 808798, 526483, 388962, 501300, 111523, 153400, 424193, 302085, 745068, 489374, 655705, 426445, 977395, 737799, 353609, 494084, 730293, 992550, 121390, 853507, 900896, 216924, 881579, 356857, 195274, 633350, 722378, 327479, 593651, 921958, 585269, 126033, 169957, 629780, 159216, 612759, 570668, 534619, 576552, 285674, 979998, 643493, 981309, 200710
574916, 825626, 182273, 903889, 720156, 236451, 124275, 427697, 462225, 935640, 742317, 910675, 502652, 818340, 317883, 644096, 673197, 459287, 136553, 717684, 861437, 618586, 479060, 147754, 127289, 977733, 546368, 331840, 722084, 541355, 147065, 980226, 763041, 716266, 421210, 516853, 520140, 165678, 431523, 104534, 252083, 771966, 263678, 687390, 589329, 664071, 791660, 949014, 949056, 154872, 687190, 677829, 113924, 175409, 116098, 633066, 175170, 160586, 764096, 149984, 187569, 117937, 344533, 465749
181891, 664210, 756726, 833566, 498408, 467455, 177811, 336952, 289892, 595700, 694292, 845032, 104414, 394964, 590707, 644602, 992168, 598308, 325881, 948848, 927427, 901571, 410223, 519081, 208687, 196147, 720400, 395805, 847692, 794963, 561622, 170440, 325397, 384005, 798785, 652439, 517523, 911300, 426076, 472107, 763046, 663930, 177061, 901380, 358228, 392391, 257546, 954265, 638592, 574586, 965246, 709644, 432947, 977958, 273729, 274310, 491126, 273105, 259830, 434172, 103920, 297825, 113258, 600556
994086, 702691, 992688, 503950, 260945, 277412, 356296, 920726, 629757, 109313, 290346, 900195, 407071, 519477, 721850, 879253, 301768, 349976, 587979, 229076, 876548, 609300, 335745, 880056, 258174, 688795, 952918, 743985, 360302, 939417, 373873, 589779, 129848, 359971, 508436, 826482, 662986, 898430, 860056, 400921, 463407, 762517, 125527, 255970, 656396, 312538, 531403, 421622, 544478, 565578, 852697, 348906, 438383, 199102, 602947, 890609, 667158, 591648, 899938, 772760, 175106, 789498, 148715, 849560
232830, 163961, 848024, 643739, 638754, 323982, 534418, 134726, 661203, 231915, 299128, 635445, 729810, 961089, 155378, 981337, 550576, 953463, 729109, 348898, 748517, 706104, 822176, 549129, 852280, 566523, 135980, 797019, 799758, 747837, 424900, 198040, 280156, 932930, 519893, 526973, 938534, 181958, 173511, 115587, 900845, 332458, 591729, 686661, 245909, 541579, 819842, 997175, 356201, 193443, 966007, 542632, 970378, 375539, 761812, 554689, 566090, 792880, 416298, 458728, 591542, 494944, 238056, 855427
101882, 742255, 317445, 610221, 523272, 828314, 326221, 770688, 640404, 516599, 987892, 237879, 566282, 819145, 874659, 331635, 535518, 850588, 165741, 872642, 384795, 462291, 809213, 251863, 126959, 312366, 642392, 499837, 209570, 188156, 996844, 705254, 892842, 825491, 184021, 817644, 107934, 370779, 870052, 825895, 874437, 380508, 941710, 204763, 289310, 958903, 928551, 300624, 553009, 507496, 576929, 662102, 615417, 625369, 322495, 668987, 529963, 360977, 469446, 691169, 578751, 151360, 523495, 155170
981874, 247842, 848090, 348595, 332772, 922336, 272053, 401355, 117472, 810999, 527117, 936428, 627712, 683862, 220331, 813899, 732378, 265649, 665361, 982400, 229299, 532986, 397062, 397322, 946334, 630684, 570003, 473139, 494427, 186641, 637206, 530283, 432173, 641331, 792913, 872280, 528117, 443378, 752894, 721109, 756036, 141065, 530701, 701859, 702497, 371182, 911964, 904649, 945235, 171305, 744236, 468138, 870122, 620648, 166816, 423662, 473370, 778719, 177463, 689790, 564867, 937367, 410110, 905886
966868, 370461, 274209, 534594, 890584, 811061, 265934, 633467, 693232, 479687, 415578, 627373, 835987, 378188, 932867, 347980, 294346, 942430, 467903, 603600, 642675, 859988, 970174, 221782, 946432, 477628, 180914, 755024, 101597, 441856, 763263, 441663, 263734, 681771, 253498, 937252, 536508, 762163, 651745, 385500, 611991, 927241, 107597, 630085, 185935, 402386, 602018, 527883, 387172, 739366, 960737, 531529, 609464, 974226, 646011, 888972, 825627, 916644, 639802, 993091, 568285, 944675, 351668, 191366
472711, 226725, 425773, 629494, 143328, 501484, 551514, 509537, 338774, 112276, 251727, 273282, 288676, 504803, 945431, 608366, 879276, 798480, 609300, 379613, 194279, 214458, 509680, 612766, 800654, 758015, 160895, 679135, 356508, 761074, 670059, 950871, 867644, 829397, 583102, 310770, 124870, 785934, 262484, 928423, 613552, 455428, 811766, 658857, 887256, 160878, 383556, 206112, 627334, 759260, 881049, 112479, 449118, 750821, 690433, 253604, 948430, 170537, 886260, 731837, 925713, 752104, 100182, 158745
967822, 393138, 252249, 868244, 120309, 942347, 357114, 922175, 913407, 743439, 556383, 994035, 945452, 858572, 949577, 322157, 461812, 959095, 920359, 233927, 647480, 228992, 703927, 404364, 618544, 677640, 910265, 358461, 359027, 482241, 407679, 648803, 199014, 578852, 178174, 702814, 438138, 959622, 321159, 717237, 256136, 713812, 937393, 539877, 934266, 440269, 636957, 375087, 545873, 495948, 634824, 568307, 422464, 409497, 117337, 959494, 104773, 747992, 665334, 272828, 775446, 950894, 183002, 768818
520724, 635130, 744769, 736109, 186952, 225651, 712207, 856323, 953948, 354502, 770982, 420116, 746467, 539543, 123854, 759813, 522853, 148414, 881634, 929370, 684950, 719010, 139298, 379045, 103135, 704681, 882230, 250963, 533169, 598118, 889005, 261908, 180608, 468185, 994990, 733063, 237831, 942889, 736049, 175854, 698402, 287521, 563552, 939357, 381842, 775411, 412196, 592643, 925224, 972793, 414802, 916098, 792890, 881013, 566310, 657144, 457448, 178549, 465682, 535262, 574494, 289030, 816344, 102261
511747, 351299, 819150, 666748, 518840, 710986, 763005, 818792, 650964, 180684, 107372, 477252, 351657, 114765, 721088, 289946, 696293, 827959, 251776, 749030, 835640, 946353, 151683, 487556, 424962, 194125, 584159, 589296, 101432, 498606, 507219, 703880, 357637, 710342, 714372, 466825, 417639, 908769, 526015, 971147, 825155, 953800, 873806, 931749, 500610, 136737, 131008, 150774, 891140, 777293, 566802, 477120, 830620, 171406, 843908, 763173, 139020, 589883, 212777, 159243, 349969, 928953, 972522, 386723
295480, 597915, 263577, 628664, 197313, 106660, 383392, 265840, 157936, 612091, 888605, 455581, 390612, 655777, 675660, 247345, 501477, 711401, 203420, 771750, 316796, 560065, 458060, 424995, 529571, 515079, 856868, 404631, 220554, 458792, 560506, 771246, 736279, 670372, 377432, 834618, 532023, 792858, 710074, 267975, 983895, 645204, 405686, 475841, 621062, 206726, 760923, 128261, 155082, 753421, 253157, 807053, 974902, 597374, 895133, 909925, 879994, 359747, 404500, 561140, 210197, 472527, 545620, 999323
435309, 677507, 647168, 332462, 267949, 949383, 663778, 423491, 322094, 854229, 788628, 756191, 657985, 143985, 915297, 735434, 824604, 431950, 287914, 282744, 431522, 869285, 529949, 285437, 779142, 466610, 430498, 389365, 269532, 125449, 376204, 321076, 255163, 695583, 886635, 141624, 207259, 797884, 772401, 283674, 752922, 158882, 628797, 908628, 710571, 434061, 636964, 683813, 553231, 972832, 879219, 725608, 133377, 290477, 156485, 752797, 281790, 424644, 202151, 768551, 473715, 479528, 505045, 870949
716155, 720282, 571173, 878764, 473914, 146549, 645841, 500330, 711669, 371659, 731656, 874792, 423279, 811334, 625790, 708429, 905049, 637658, 618000, 621065, 404429, 266719, 516069, 837668, 815051, 158172, 837669, 544303, 144854, 935037, 800676, 233343, 967954, 228925, 492797, 570655, 860836, 705372, 658481, 594564, 928846, 163311, 119369, 375869, 459576, 330706, 617253, 671435, 256620, 424865, 708371, 976838, 195494, 147531, 502645, 860438, 935070, 846158, 590257, 424086, 777398, 994398, 198051, 177531
525306, 876430, 930811, 721579, 125445, 447197, 620162, 837580, 524958, 960131, 610636, 462327, 986960, 169600, 655090, 458480, 445558, 981482, 539243, 316440, 825394, 104742, 612992, 215445, 491427, 529459, 336059, 371185, 359861, 300892, 285092, 550821, 294963, 920116, 797371, 288435, 781165, 825119, 879110, 811609, 323469, 195982, 194128, 383306, 193446, 566586, 484929, 369855, 446220, 648314, 432063, 406624, 200167, 872345, 446672, 421597, 248647, 337480, 217768, 466765, 392666, 384407, 345300, 162782
385349, 898600, 432427, 479094, 687522, 291269, 817691, 396056, 979643, 514368, 224835, 713427, 979419, 522009, 877590, 873409, 857264, 715242, 766435, 230364, 187495, 692657, 117857, 594950, 109694, 432017, 948313, 419925, 293018, 445051, 165926, 666042, 630041, 975716, 661291, 128176, 536374, 299885, 520006, 346741, 245829, 901863, 428156, 357847, 271384, 531880, 213999, 882564, 396233, 465474, 988728, 352597, 529340, 946821, 558963, 112222, 455943, 251042, 663314, 409367, 706507, 119430, 263574, 113207
139390, 821446, 553411, 359230, 864114, 433743, 768925, 640203, 214412, 335082, 422954, 957359, 522478, 516271, 380824, 728652, 362427, 761654, 107979, 508070, 372406, 371805, 987007, 937649, 865310, 631425, 858277, 292789, 891274, 887969, 414876, 452766, 870291, 621062, 109105, 847706, 418234, 612135, 944754, 177260, 100883, 608854, 576758, 849189, 301600, 883123, 568251, 764076, 896467, 864493, 901356, 679406, 349830, 206779, 899377, 324803, 190704, 283899, 231811, 441077, 280025, 449736, 701482, 802912
459541, 556315, 738409, 967124, 267998, 648961, 845924, 562834, 839315, 917303, 460552, 682972, 679237, 856419, 551824, 197398, 854250, 805821, 985436, 996295, 344298, 618405, 895167, 619741, 138432, 303269, 845876, 722662, 427915, 109989, 730460, 488809, 155145, 638208, 844432, 236866, 399010, 981539, 704383, 515465, 973941, 863524, 695282, 601792, 716286, 926056, 117404, 368304, 922699, 614881, 775140, 228913, 703670, 189532, 362966, 303255, 576259, 531788, 108310, 465870, 963897, 344088, 234371, 492434
542458, 369164, 237945, 945376, 744292, 360865, 719924, 626266, 975256, 650307, 507192, 126700, 971769, 791308, 766447, 132651, 401828, 738295, 119742, 568303, 436952, 797949, 300204, 285799, 240574, 189359, 329427, 462729, 468105, 852094, 906992, 722718, 931895, 119077, 446340, 269506, 751967, 128447, 467458, 305888, 987891, 874448, 247960, 291521, 843950, 848777, 335192, 482436, 817272, 132005, 175597, 789729, 855770, 940465, 683483, 924286, 818247, 878316, 512173, 731391, 654478, 552475, 641758, 196584
764775, 907789, 450461, 703049, 391089, 762569, 312180, 180488, 574112, 887447, 310477, 286106, 369335, 793581, 487574, 192735, 540079, 463104, 938831, 717519, 234570, 868812, 376911, 813962, 578167, 686534, 298524, 360391, 651062, 272157, 409303, 804026, 995434, 983656, 169671, 300794, 592647, 141628, 275268, 349736, 462919, 985502, 130794, 704636, 569940, 845821, 223006, 280225, 960517, 590699, 163388, 402408, 765791, 947316, 199095, 286399, 838968, 153188, 463641, 621686, 710751, 723169, 853841, 829783
454132, 286471, 774995, 276511, 799617, 832401, 728305, 907957, 717244, 519864, 984963, 693447, 140173, 485857, 346901, 989393, 267137, 635190, 713451, 567820, 141831, 857552, 428228, 546054, 952602, 930721, 951065, 545456, 426656, 408404, 981520, 980709, 468872, 679130, 822813, 146610, 741226, 894384, 349491, 950044, 197613, 416825, 993710, 101613, 328455, 390624, 744189, 163689, 151410, 851428, 909488, 111866, 891125, 109307, 777664, 529765, 866665, 471938, 243494, 323402, 970904, 353951, 663226, 230566
302192, 534276, 539355, 595969, 296848, 593815, 637233, 908044, 875807, 274603, 388630, 602402, 131608, 320301, 593238, 187579, 439649, 302288, 821972, 654919, 507094, 630961, 563696, 195998, 733602, 726201, 894619, 597634, 854781, 682841, 528903, 875177, 602242, 293717, 913886, 632765, 688314, 454738, 439804, 677971, 721345, 849251, 189999, 760039, 165569, 762894, 700180, 667023, 257261, 635997, 542468, 957788, 380478, 673093, 676674, 754149, 338271, 331237, 830627, 835681, 301045, 954900, 371975, 350023
794542, 290027, 394632, 315721, 551648, 771732, 271359, 207932, 920782, 192574, 226046, 776786, 746205, 915297, 266634, 516009, 362869, 639487, 181496, 115165, 696368, 777359, 457341, 766301, 478753, 999528, 372159, 223229, 276278, 701379, 637059, 134420, 207451, 941442, 163822, 635621, 261953, 585769, 646709, 755402, 968826, 611477, 824051, 887484, 385472, 860962, 690240, 743476, 509801, 537418, 187232, 337533, 918764, 117706, 434241, 896150, 134259, 291641, 186058, 160748, 654085, 820974, 513384, 465059
649645, 472566, 680168, 944448, 187570, 517867, 533849, 186759, 907617, 251372, 185051, 967776, 388552, 537703, 162602, 768150, 885152, 661851, 484171, 497294, 446895, 318973, 711750, 736380, 555549, 508370, 690880, 665874, 868239, 370224, 466980, 458508, 428442, 516929, 971849, 984076, 975267, 453240, 292279, 761286, 966014, 951698, 102807, 417223, 411577, 656208, 511281, 650153, 744593, 993337, 193061, 782851, 492284, 118571, 960659, 327286, 299952, 399574, 880510, 851954, 842765, 156840, 576578, 526825
180938, 208386, 909040, 462880, 817516, 328381, 475076, 976591, 354347, 497616, 190132, 793713, 205798, 899769, 649234, 787254, 449725, 951803, 543620, 312017, 190076, 411752, 744802, 173858, 672989, 275065, 941118, 247280, 238568, 260339, 893677, 222589, 897290, 977366, 282743, 858012, 967338, 294649, 428607, 836713, 900836, 344240, 679396, 409421, 103041, 333568, 189489, 863267, 521044, 588659, 180827, 157352, 492199, 358075, 608300, 380482, 910524, 716742, 684977, 565107, 409300, 634357, 554624, 975127
955870, 213459, 484710, 812083, 349826, 625192, 466586, 358059, 724952, 205096, 264455, 513201, 535256, 133860, 179003, 106569, 221364, 649247, 434918, 764551, 795543, 855514, 416234, 752804, 479175, 194391, 753400, 983146, 532288, 350524, 516052, 930361, 663216, 824286, 513245, 506936, 513223, 662368, 948424, 879158, 589198, 240588, 385503, 919160, 232914, 952405, 679496, 910849, 445936, 102870, 587717, 336929, 835943, 186005, 775991, 178137, 628901, 373277, 177087, 878648, 110033, 620599, 600230, 111378
