244966, 660160, 695606, 497995, 338705, 391563, 645951, 952117, 784394, 522223, 287366, 720603, 729911, 964193, 614645, 592987
567763, 425895, 639812, 907876, 438099, 899422, 577804, 305460, 455869, 936584, 220522, 425679, 358422, 329771, 667559, 744482
557159, 813747, 880619, 593489, 612306, 569136, 356610, 294692, 778011, 554101, 981158, 463868, 902434, 987730, 213085, 828849
888928, 913524, 752275, 343379, 462809, 255118, 450733, 263127, 332591, 485236, 899505, 675094, 186944, 915774, 163068, 203764
510328, 358003, 384950, 307607, 191742, 198587, 243936, 580851, 708327, 651403, 740166, 909711, 107906, 758947, 915620, 743666
430543, 673599, 127597, 700781, 621754, 214338, 350673, 594940, 399345, 739731, 652997, 584928, 147778, 547752, 672974, 846454
844489, 727451, 191534, 680327, 386164, 296254, 587419, 763681, 401867, 259567, 781060, 894873, 208812, 497871, 227213, 432211
362449, 172679, 438466, 524403, 739857, 469258, 823831, 783842, 798152, 612893, 796207, 806072, 337188, 800635, 284914, 790059
444999, 700227, 775253, 437642, 330453, 776749, 444800, 466650, 820534, 523633, 682121, 194742, 566392, 615672, 501789, 496288
821456, 306299, 717888, 656103, 549520, 408890, 204482, 376535, 313778, 846326, 652970, 451479, 794340, 198020, 922635, 462012
486757, 782454, 424351, 585361, 936714, 648856, 901474, 235475, 938293, 884128, 892034, 429842, 179873, 958967, 894978, 283820
180655, 164176, 160355, 358800, 699545, 323927, 480396, 579482, 772149, 976091, 562825, 493331, 177464, 713111, 109974, 544706
502803, 807380, 968807, 171796, 677413, 173880, 669467, 326907, 862205, 616627, 689306, 787143, 559534, 603911, 822256, 132469
433888, 970634, 810566, 148798, 904506, 983496, 906679, 674472, 311770, 455746, 649416, 854403, 715553, 244181, 859729, 660390
273413, 639891, 271404, 338080, 805656, 371027, 539374, 392026, 163175, 171941, 932104, 202042, 264160, 614550, 622261, 677082
776376, 866926, 942040, 264944, 466555, 310530, 892635, 223885, 549908, 268221, 703696, 201376, 911833, 606035, 501649, 619193
