713210, 667073, 717002, 433212, 534330, 337249, 853983, 459076, 259028, 270147, 578754, 903954, 260567, 904857, 649188, 991684, 903071, 430856, 879006, 138906, 466218, 875090, 847539, 453259, 496872, 549701, 453314, 447030, 318792, 906033, 682403, 812263
207361, 550552, 226390, 955133, 262238, 156027, 424993, 247149, 784681, 336329, 402796, 965058, 957916, 296986, 963051, 161972, 950039, 364102, 853701, 967437, 667435, 753102, 964412, 231446, 194477, 134749, 499436, 724323, 518072, 824027, 218163, 734526
896507, 811837, 140426, 900142, 870317, 970656, 704004, 751641, 654536, 877507, 642515, 485694, 477082, 863624, 292023, 491513, 824455, 300910, 884821, 321876, 425297, 649558, 365638, 627111, 561845, 329729, 475860, 195008, 388196, 713347, 842977, 671175
152491, 313651, 473518, 453957, 479630, 637841, 626183, 422575, 191067, 857745, 553793, 139332, 675114, 765797, 717697, 201606, 343641, 403053, 958046, 345266, 322884, 205786, 157707, 995956, 588093, 723080, 980983, 310344, 174068, 344847, 561957, 668079
571669, 797686, 517762, 722488, 214650, 122165, 933463, 628753, 745886, 994334, 334296, 711549, 438783, 569077, 347503, 770967, 123208, 197803, 898062, 463390, 513848, 593472, 853972, 867016, 657843, 157901, 429143, 799013, 493222, 940860, 317688, 410389
887116, 959842, 765582, 422655, 237336, 749686, 564872, 714033, 101919, 884503, 187696, 441718, 691113, 847536, 605029, 235086, 179043, 733977, 923623, 932095, 933804, 534885, 664913, 188506, 488304, 159804, 490147, 636267, 895734, 721569, 483260, 420179
895947, 445307, 985164, 764159, 879291, 242145, 189478, 898831, 229134, 783321, 319768, 330376, 775932, 611777, 408615, 479043, 334688, 786382, 820577, 581049, 391150, 409477, 893454, 722768, 857826, 487148, 137653, 140258, 346438, 257417, 520451, 327152
485474, 219539, 682733, 118508, 795342, 242360, 950127, 698751, 878704, 484152, 216847, 771588, 694149, 609515, 434897, 130706, 793581, 103250, 854129, 256914, 832026, 190983, 871538, 533218, 650754, 381059, 417426, 892373, 283196, 786543, 601833, 301755
369459, 254160, 813598, 765298, 455572, 365880, 966849, 646699, 593866, 924460, 826122, 285750, 650042, 456448, 338606, 446752, 215141, 750575, 174962, 578444, 240959, 720096, 451315, 124394, 493273, 127470, 274468, 938929, 775686, 163775, 251404, 186006
133216, 131453, 163186, 977433, 196635, 862120, 522629, 384344, 130133, 153567, 821836, 823883, 604638, 565038, 438354, 527952, 332680, 857238, 153694, 889956, 837214, 167686, 282983, 611306, 525537, 681536, 738805, 304807, 285908, 689349, 154614, 112021
567931, 339045, 851976, 239934, 624779, 584426, 990419, 377903, 961747, 141222, 947292, 282502, 315691, 775257, 954788, 426136, 831865, 783677, 101488, 378727, 535746, 207223, 949217, 785475, 697820, 554708, 718188, 191805, 975163, 492294, 590440, 615445
582371, 586958, 845877, 110415, 509312, 553925, 455438, 199717, 697478, 910983, 545985, 863165, 666307, 567911, 937942, 529838, 483420, 494075, 312040, 860278, 522973, 375723, 107620, 587676, 262821, 360933, 307860, 805310, 292643, 678730, 837234, 544695
855425, 764920, 809782, 375493, 264505, 449132, 391911, 835331, 275893, 238036, 791379, 395263, 468413, 712756, 891509, 852926, 591736, 366324, 815702, 249836, 409928, 344533, 258437, 186765, 802786, 668230, 597066, 858687, 903018, 115791, 340925, 316713
645184, 749885, 718775, 311805, 110335, 150131, 458898, 406962, 677014, 229654, 784586, 901014, 277170, 647953, 181245, 197776, 915964, 832185, 986567, 433404, 568737, 585852, 951014, 177141, 669818, 936635, 762119, 805396, 471962, 869134, 374843, 234157
213455, 541503, 792726, 949851, 491142, 363777, 337185, 668798, 111381, 366600, 590706, 538087, 493994, 841114, 538805, 991820, 416693, 828922, 328706, 920616, 149036, 940953, 330641, 365070, 208209, 824164, 382784, 667130, 298535, 444462, 849148, 704319
394354, 352080, 238840, 103814, 318805, 989610, 168522, 685549, 761505, 698278, 387936, 466152, 406221, 243805, 439462, 480352, 679061, 780827, 499157, 262245, 973894, 970985, 165022, 320369, 199133, 408090, 420575, 403133, 471692, 242721, 971077, 720410
326448, 551642, 560199, 305821, 825657, 716805, 363041, 262605, 744447, 946891, 305867, 599796, 847838, 409248, 301364, 223975, 674126, 861319, 198185, 761560, 462060, 853601, 257058, 935288, 880496, 842984, 488278, 842763, 673563, 920538, 528719, 250720
865687, 731685, 772398, 699510, 822249, 661210, 759518, 473328, 397844, 988005, 313411, 749292, 768291, 805150, 437132, 735004, 890821, 113093, 712662, 922573, 908434, 236072, 853461, 599132, 725784, 845072, 182282, 617897, 625666, 301700, 508776, 705168
707174, 591691, 510646, 536425, 776478, 960294, 511354, 438247, 818333, 917835, 948988, 305738, 674446, 401981, 800948, 350950, 977181, 692832, 261755, 797085, 486414, 558632, 416082, 227268, 856359, 882193, 540541, 597169, 577736, 334493, 565513, 457174
228726, 761358, 701413, 936120, 445465, 115904, 324205, 304934, 169227, 489957, 612227, 960710, 897101, 187160, 188364, 764477, 253430, 149585, 660308, 557083, 956705, 845132, 484967, 186416, 503533, 312928, 686394, 385291, 616593, 109958, 110254, 777994
733264, 154101, 488300, 126708, 617136, 346647, 773174, 515620, 446911, 893916, 701410, 667952, 276282, 235569, 550939, 644456, 156635, 741208, 582607, 529034, 136396, 130431, 809774, 985724, 557042, 537096, 389445, 605701, 234420, 996977, 630942, 764094
754742, 923898, 685850, 401825, 290379, 722970, 918449, 944652, 571263, 781467, 684960, 748193, 312385, 491436, 209900, 710226, 502973, 629961, 285916, 239131, 150174, 699451, 161583, 360975, 234863, 778058, 737391, 424267, 990688, 171573, 423099, 466325
729336, 108095, 523726, 339786, 681913, 849662, 786560, 182021, 287397, 631423, 407744, 766110, 930922, 147691, 348296, 713713, 457657, 615729, 646563, 276403, 972163, 510033, 185376, 299112, 871632, 434746, 503362, 236718, 223488, 935476, 994361, 556427
922371, 302356, 419437, 810538, 990797, 562741, 239193, 628777, 976787, 606991, 466701, 457036, 790389, 612201, 137985, 531314, 203803, 518186, 569967, 238982, 756937, 377030, 890845, 697381, 623642, 987422, 734495, 815170, 593964, 642038, 956202, 270573
455733, 566666, 863672, 935032, 559291, 989274, 117730, 316824, 548795, 927734, 455852, 771031, 523799, 645840, 328575, 604125, 738902, 413581, 716551, 881650, 108601, 917995, 884584, 936922, 271459, 325241, 636028, 212132, 360420, 914718, 564900, 564479
391554, 872895, 477456, 875692, 864478, 541912, 766877, 334209, 392698, 343293, 211657, 679654, 645509, 816330, 916728, 615379, 914106, 383514, 381135, 245822, 502673, 958969, 693846, 283013, 536793, 628599, 923313, 723957, 212831, 222668, 946780, 382068
652774, 665376, 946652, 331326, 561733, 117986, 466029, 963352, 201288, 626167, 206789, 614115, 884588, 750694, 636239, 886501, 808214, 414779, 755586, 467604, 524885, 501841, 539270, 148856, 836954, 110817, 737903, 744271, 388850, 971110, 762241, 170791
623012, 430909, 333518, 516897, 858165, 344767, 541144, 386693, 907670, 505438, 214991, 523882, 492500, 481837, 630186, 109624, 689146, 158853, 621772, 506617, 907895, 753085, 992037, 928365, 905052, 568553, 682414, 855349, 360010, 233137, 696804, 868619
874702, 564887, 799936, 596148, 795543, 580191, 545925, 772073, 320652, 460893, 659941, 264452, 801067, 503326, 425557, 886311, 437519, 664118, 467836, 616571, 106119, 773748, 740813, 609820, 352177, 843267, 260146, 132732, 662884, 186316, 805891, 753190
777819, 893206, 799954, 690912, 127398, 536665, 567375, 827147, 727009, 269459, 617768, 584053, 257326, 558274, 290630, 417442, 325350, 669602, 231493, 534704, 990274, 143548, 125680, 663916, 137735, 988469, 249640, 316148, 277686, 684413, 775313, 631925
268282, 621977, 208282, 913777, 968286, 151190, 318964, 894408, 574624, 682388, 192996, 324132, 604515, 759113, 876103, 637579, 855881, 154338, 790717, 723993, 765709, 601932, 954439, 947567, 460309, 626781, 885470, 437523, 344841, 402967, 336987, 243903
137251, 508482, 619372, 966668, 981615, 259676, 205085, 781922, 643692, 952337, 642526, 801725, 366197, 365250, 667939, 157223, 810903, 667829, 472777, 745595, 896586, 314001, 838007, 976221, 610323, 321116, 149292, 992087, 228203, 636922, 688400, 599289
