319415, 216377, 786239, 121828, 254262, 525692, 780104, 142067, 660053, 563296, 903482, 838183, 859803, 487261, 889957, 725392, 445280, 147153, 608070, 572111, 424972, 192983, 971439, 261265, 876649, 441938, 632184, 419449, 755970, 206480, 423089, 283786, 550635, 863331, 961378, 807084, 745255, 185398, 687141, 201300, 409377, 163720, 617052, 299771, 377699, 845850, 159490, 762518, 453912, 256772, 609675, 780171, 194450, 281530, 258355, 989990, 856791, 104601, 598812, 368816, 256492, 465907, 993235, 518703
639867, 222139, 856207, 587438, 365833, 509607, 520336, 833796, 289525, 324462, 934946, 828439, 691696, 501761, 730784, 964131, 340084, 418030, 290972, 241578, 417655, 881053, 174489, 227602, 447579, 549877, 472421, 756666, 682545, 382385, 708382, 583867, 152666, 348072, 182919, 554890, 161562, 853929, 602610, 158214, 858822, 876091, 927071, 425848, 151514, 189183, 642650, 314043, 142453, 461755, 152263, 798321, 956834, 638025, 821654, 135658, 277987, 285782, 215687, 214030, 797486, 356008, 519669, 236310
550197, 134950, 918299, 151193, 325755, 799379, 689133, 633072, 398616, 692458, 585526, 608428, 372050, 259110, 762736, 671642, 558655, 961052, 332252, 944721, 242207, 244979, 237418, 218811, 137955, 761835, 470398, 319328, 268090, 260913, 362849, 847507, 445828, 908193, 266153, 954912, 913592, 756482, 198340, 447755, 970612, 133400, 880662, 984128, 631215, 490092, 163038, 852448, 360347, 930472, 127983, 417689, 798098, 786872, 547262, 677386, 330043, 107529, 514701, 164151, 212624, 212484, 738533, 617256
935161, 385715, 822868, 112032, 482455, 688557, 766663, 839175, 911697, 651358, 613359, 162398, 412001, 468911, 169214, 896929, 974554, 400833, 409159, 759951, 793979, 657737, 202162, 320828, 315654, 328766, 497523, 421611, 301921, 533568, 393314, 272938, 645510, 310830, 170528, 356894, 110720, 251140, 427276, 863811, 598531, 277066, 432591, 575338, 170516, 433689, 393192, 539667, 203654, 895370, 408076, 115651, 632418, 660924, 852880, 978903, 715138, 311752, 398855, 137490, 867001, 263837, 136960, 975096
691835, 177279, 720023, 681013, 949027, 639393, 827478, 499937, 414610, 745954, 542505, 996124, 530913, 668475, 853882, 899831, 204812, 512205, 759675, 250165, 332657, 415246, 736499, 783868, 162827, 322661, 444966, 697771, 156621, 487786, 512241, 648780, 242886, 773834, 617432, 696057, 945673, 644779, 655650, 948590, 479493, 504707, 798450, 622720, 695307, 139058, 134237, 837136, 363051, 758217, 915468, 899898, 784658, 519890, 763139, 650952, 950861, 933614, 354019, 160699, 448695, 667193, 804242, 900033
387287, 750715, 710467, 675374, 124242, 448313, 615374, 125690, 785804, 546049, 119992, 740632, 949372, 926025, 789189, 861467, 665211, 853009, 460580, 609465, 290574, 858685, 337899, 866569, 580587, 945508, 197682, 763486, 584038, 595714, 706932, 386451, 103951, 304000, 954028, 581022, 954076, 223028, 216920, 168712, 330736, 495163, 146624, 800452, 669219, 465302, 133919, 423247, 543371, 830711, 253320, 499451, 113177, 236851, 461115, 798144, 963140, 640748, 375792, 626299, 200370, 497697, 203193, 398849
320706, 715557, 943660, 665200, 741434, 549122, 178889, 366053, 730474, 311651, 879420, 452805, 856544, 134702, 770526, 360782, 624602, 465778, 497558, 850850, 859967, 501942, 657141, 607001, 339109, 688235, 505832, 717471, 107196, 596251, 241564, 174592, 953716, 412237, 438429, 735093, 219190, 216134, 529264, 641852, 144083, 448256, 376294, 824269, 751791, 547911, 572216, 995784, 152006, 873397, 883626, 842688, 866384, 146079, 605792, 106776, 642919, 470058, 541770, 336400, 119839, 287216, 470329, 136427
849837, 394568, 298603, 816639, 887062, 954266, 406888, 865223, 517552, 980346, 833005, 420719, 138113, 136050, 669009, 778051, 152885, 351296, 418874, 384433, 951788, 332728, 440066, 862757, 943094, 480543, 429295, 595607, 458044, 444555, 126294, 123082, 424656, 582957, 434614, 909230, 397909, 174128, 474445, 554484, 517222, 771848, 747952, 713889, 910095, 539864, 485173, 538290, 920594, 389680, 556242, 104899, 347775, 247973, 954073, 459706, 214388, 101106, 334891, 332150, 549104, 651773, 948695, 209071
844986, 366824, 220909, 588646, 717784, 676395, 424134, 875916, 927377, 762555, 149790, 488352, 810142, 900609, 572444, 637335, 838741, 116263, 998643, 137878, 830891, 307034, 236928, 216086, 275058, 198682, 578039, 892782, 538317, 537363, 876946, 673179, 862313, 472313, 601777, 639443, 351195, 555974, 208939, 555914, 733586, 459850, 588402, 960297, 942461, 393895, 311123, 789363, 639137, 441087, 507221, 840928, 829105, 184387, 457084, 923128, 317386, 337708, 909109, 384187, 594140, 542862, 232594, 971096
854010, 284251, 441931, 988553, 749468, 368670, 924445, 520429, 481735, 602419, 336632, 181853, 878640, 270642, 174006, 266335, 500006, 301326, 251765, 186734, 594212, 957913, 182329, 652615, 682013, 393844, 480284, 422359, 904950, 205226, 362836, 444837, 267301, 313403, 428741, 196589, 209857, 687949, 487575, 741499, 692458, 476447, 487628, 199914, 865727, 805142, 421681, 491173, 456507, 349579, 573544, 413131, 182107, 450733, 271860, 168220, 617988, 202427, 421055, 856617, 197538, 641267, 107407, 316975
337585, 337155, 213017, 435171, 111220, 334099, 894150, 160204, 996600, 132635, 900888, 619561, 910579, 229136, 745544, 492981, 652463, 130305, 242596, 216727, 464548, 663563, 703239, 765282, 774486, 787992, 717849, 870341, 812815, 462077, 694567, 681851, 217931, 228288, 392962, 786044, 800175, 835261, 721946, 904299, 147937, 506500, 982323, 834210, 596544, 268367, 161044, 644190, 377354, 993918, 552702, 868851, 474354, 922687, 698504, 433423, 736965, 550635, 645107, 666075, 260974, 141636, 956190, 982405
898552, 955962, 132033, 515938, 632635, 427868, 536187, 976038, 207980, 528873, 124580, 284805, 255342, 656826, 552298, 218322, 425482, 836366, 235201, 328266, 868788, 570909, 811508, 515369, 190144, 495248, 354461, 970460, 729444, 171329, 678447, 634270, 855260, 988348, 807408, 465830, 566469, 612877, 410462, 271673, 196133, 736823, 841767, 840838, 821681, 339329, 287782, 579431, 727703, 244302, 764764, 191877, 364232, 230229, 733293, 530845, 723895, 921940, 405588, 333120, 270236, 117792, 899600, 865942
303212, 183885, 259228, 139469, 486216, 346115, 949857, 288275, 794749, 829714, 391665, 778738, 159934, 436590, 240842, 821490, 225397, 613152, 740014, 942388, 266337, 706370, 520704, 364195, 931169, 378722, 299240, 834105, 123660, 726919, 228489, 528944, 348476, 241585, 347447, 701701, 814190, 174990, 286796, 100257, 444294, 997892, 474150, 191620, 972983, 689773, 472527, 755044, 689545, 948255, 809261, 563253, 329910, 775296, 483452, 624883, 524087, 408412, 867470, 355512, 639662, 945443, 969063, 101867
848722, 842656, 727265, 699410, 530799, 550850, 941586, 629848, 472543, 858855, 236773, 175714, 572182, 662016, 888544, 564264, 415917, 174695, 903226, 333374, 774438, 925938, 376525, 197520, 315536, 270667, 247580, 295136, 917217, 682234, 756256, 559755, 287741, 852279, 129747, 390819, 781687, 545139, 837939, 243168, 971345, 698868, 214393, 692231, 318614, 122512, 289099, 848530, 359665, 881854, 720958, 549652, 243375, 406607, 661252, 445157, 586749, 207445, 603836, 920745, 360090, 614410, 518796, 287451
593312, 106367, 227163, 418894, 153847, 437815, 989101, 819352, 554051, 918598, 528534, 155771, 549636, 535932, 323639, 270199, 569721, 725105, 343003, 487041, 338703, 691973, 478351, 716029, 876613, 601826, 835239, 699290, 815168, 366339, 291564, 707782, 655658, 561888, 333186, 467234, 937533, 910595, 202580, 968174, 115726, 591622, 430011, 746213, 346811, 223783, 850268, 356425, 135075, 890861, 589894, 631439, 671819, 986898, 824808, 438201, 608831, 271147, 220241, 489884, 467613, 472138, 792126, 531972
792622, 350480, 986700, 398325, 384372, 500375, 278280, 497260, 839731, 663042, 953141, 130485, 134346, 701782, 549306, 431048, 592545, 549540, 905033, 601631, 852579, 704999, 938177, 417950, 166363, 314172, 730043, 967753, 951918, 768357, 550850, 855407, 878453, 230479, 152207, 901725, 378405, 352004, 705766, 532629, 734840, 851492, 489606, 673047, 272304, 355355, 732155, 929146, 580824, 273925, 146861, 721742, 675290, 901751, 753668, 564630, 588217, 442259, 586833, 830928, 487297, 561547, 408341, 130398
542963, 695378, 300496, 943983, 980631, 612569, 970979, 920942, 723183, 566591, 388151, 588466, 915028, 522224, 991876, 901968, 183772, 455452, 669301, 302972, 318486, 308982, 472480, 373599, 693823, 372595, 505315, 786776, 265231, 143750, 248351, 478512, 329260, 403287, 856190, 849126, 185390, 861331, 918932, 595922, 811150, 898494, 191962, 580508, 191245, 268047, 669536, 819075, 187553, 938655, 828297, 872676, 289249, 212207, 725103, 546347, 806226, 255120, 373714, 945871, 890410, 979734, 383311, 392288
937421, 487183, 649619, 996848, 877199, 210745, 777218, 876934, 335474, 119693, 893769, 506654, 779498, 472656, 452508, 586840, 774499, 674639, 612343, 462284, 673906, 851295, 272412, 211139, 861978, 918136, 779120, 317860, 531291, 723043, 615726, 767045, 916762, 830248, 609687, 687817, 293571, 493048, 799767, 145424, 903237, 889440, 216648, 649202, 276771, 630531, 200201, 818030, 531089, 269523, 533755, 270300, 512911, 569726, 457877, 298045, 433409, 767670, 889453, 449920, 869947, 541691, 803062, 745166
170987, 849489, 446939, 820271, 705789, 407136, 373852, 756412, 942673, 293335, 569983, 110049, 636799, 823378, 709374, 210353, 571735, 151107, 615318, 316768, 673959, 323349, 256493, 634192, 681610, 428444, 820859, 997903, 826114, 729984, 412604, 706476, 922369, 806093, 419675, 610043, 495585, 547181, 542139, 613684, 463788, 801632, 283062, 682526, 984605, 772975, 114943, 401078, 873818, 809981, 526021, 268611, 423228, 527350, 899526, 675451, 204718, 522244, 436415, 530094, 260362, 529744, 547559, 390559
389083, 452839, 795742, 558457, 603787, 316230, 431092, 465068, 734172, 430145, 729177, 723936, 167603, 366692, 164369, 717489, 512901, 523688, 813824, 723933, 691524, 209157, 937826, 357582, 463561, 292856, 167331, 952423, 878535, 857776, 952947, 514741, 307160, 999832, 569334, 793009, 119777, 456862, 335220, 848282, 790113, 604445, 530141, 772225, 403907, 104597, 112921, 696936, 204287, 281315, 473972, 605907, 504792, 965602, 173197, 511966, 459552, 782730, 927658, 129363, 708190, 602692, 344203, 770320
316229, 543731, 656787, 759675, 270333, 976326, 191481, 122596, 270407, 410480, 516156, 981097, 579165, 484203, 510593, 246214, 148782, 437891, 899542, 716484, 143243, 265865, 141724, 557745, 877113, 152128, 461721, 559100, 424855, 571988, 632771, 156678, 517218, 711969, 552994, 467807, 602207, 174842, 166059, 754948, 526452, 958635, 803062, 926869, 891653, 571446, 754427, 411228, 112429, 270670, 817098, 208370, 825855, 339906, 871887, 360191, 494381, 436974, 591825, 227793, 364569, 330881, 463038, 896956
113725, 712833, 874778, 637581, 664215, 596167, 155462, 876807, 658955, 665980, 566975, 398072, 888724, 109218, 960937, 893923, 753966, 725616, 667436, 829131, 488009, 873102, 387995, 629811, 134813, 800517, 438186, 561982, 997493, 227812, 749509, 493403, 282792, 172568, 134209, 209969, 808487, 806363, 266161, 159200, 638676, 301964, 533925, 226306, 803753, 994798, 699914, 770685, 971313, 469053, 458941, 289428, 140548, 320302, 366814, 371445, 365826, 827093, 961537, 497929, 424418, 653276, 713329, 896275
605482, 766804, 918497, 487864, 481670, 921139, 116221, 991664, 151787, 669228, 844581, 135993, 584131, 425184, 111230, 634189, 979985, 807109, 317279, 403972, 348814, 857080, 443613, 137895, 957491, 880164, 334378, 261279, 949385, 825279, 400382, 224947, 747523, 245834, 888050, 280313, 381160, 650607, 806305, 603022, 966773, 817592, 262533, 114778, 987230, 372324, 149360, 479331, 117694, 228225, 398850, 490509, 295402, 947556, 338356, 754430, 899350, 816402, 626845, 809612, 625726, 519728, 827776, 787511
744102, 996474, 284055, 997187, 266163, 838953, 124232, 117979, 166358, 565690, 358058, 668684, 451303, 335946, 108014, 419029, 864844, 658021, 198909, 194955, 338633, 737196, 795201, 993031, 864541, 411572, 560708, 185391, 169999, 852645, 282643, 134242, 683863, 371132, 537389, 733473, 304321, 919381, 391112, 129085, 286016, 793713, 146927, 559564, 634785, 912144, 596274, 172572, 496216, 741660, 323947, 556269, 370713, 803212, 284267, 252850, 440228, 154372, 103854, 184187, 608460, 293883, 334037, 519533
621600, 556322, 218981, 635845, 490458, 138749, 921494, 914631, 783065, 192700, 746748, 823532, 748562, 638191, 865774, 222221, 862284, 152974, 638206, 837399, 509425, 227481, 132741, 987275, 130491, 310973, 480861, 634597, 373835, 289686, 475200, 610805, 980378, 485715, 239996, 411287, 627275, 915500, 599348, 776314, 578859, 596986, 269473, 941700, 461663, 446158, 981065, 272259, 589747, 107149, 740070, 198419, 619822, 914499, 771036, 554728, 424785, 660224, 786355, 388862, 908244, 419949, 525191, 875988
225987, 877542, 755880, 863805, 408447, 320005, 933661, 218717, 973165, 381573, 106253, 111378, 120624, 921509, 172930, 707040, 717002, 613358, 422559, 325591, 812103, 979213, 656681, 584433, 756371, 127855, 921423, 218793, 898921, 197269, 672467, 557303, 700574, 490483, 626466, 528821, 260564, 295725, 521783, 185646, 796657, 853857, 815046, 256735, 439740, 617916, 239967, 159247, 266001, 541209, 485026, 677205, 520321, 413261, 186236, 388986, 754913, 496504, 905408, 161483, 213892, 246737, 567760, 543072
776330, 341533, 879032, 158545, 518880, 845533, 482343, 560883, 857750, 521563, 380841, 542351, 208971, 598649, 237825, 391039, 970832, 351643, 611854, 811799, 175163, 265036, 718082, 357832, 156770, 862013, 864576, 665483, 341592, 246909, 503973, 988510, 704652, 538560, 673869, 519210, 610284, 320116, 254406, 710926, 956752, 408397, 715614, 933719, 576694, 774620, 542001, 367001, 176440, 523162, 573827, 309110, 977489, 226306, 286206, 387576, 274974, 975680, 888021, 744641, 530418, 414070, 100565, 406591
289674, 739090, 765006, 192835, 809011, 693853, 771364, 451390, 131156, 707704, 699945, 445925, 386816, 181103, 794544, 600087, 187948, 905902, 844365, 502721, 618224, 298143, 812353, 423653, 716431, 667518, 192237, 530687, 414134, 691054, 628064, 937161, 949261, 262508, 945896, 745300, 553156, 724488, 854458, 644868, 494639, 933853, 846163, 665033, 121119, 974213, 181369, 400294, 949286, 332104, 846646, 495126, 793159, 955341, 524820, 742692, 191468, 656321, 961071, 887574, 148675, 820405, 815639, 420616
780885, 975703, 667272, 387239, 404470, 716737, 448507, 422432, 131740, 216796, 881796, 306928, 265231, 190348, 608555, 518320, 835817, 846350, 600882, 728026, 778633, 107946, 147954, 777308, 500052, 518903, 910282, 716378, 989968, 419815, 807607, 199018, 969867, 665810, 271270, 335317, 899647, 390317, 860211, 380944, 262632, 825534, 122252, 534804, 620432, 714879, 394021, 549489, 574166, 599070, 351735, 471237, 632058, 491256, 248673, 655747, 770091, 663160, 386178, 334555, 350917, 330424, 260903, 908695
948735, 280910, 536958, 744060, 494576, 742186, 897008, 917901, 631133, 742425, 737636, 983172, 461557, 507271, 901415, 693149, 792507, 793669, 461250, 102906, 818066, 222819, 292795, 946146, 138277, 845658, 796762, 130943, 782789, 925651, 932289, 586667, 509689, 374989, 949871, 807521, 692634, 375795, 327346, 241915, 740937, 519875, 847985, 554589, 862629, 901840, 907969, 221349, 455402, 514017, 976270, 911329, 412580, 427797, 395971, 912851, 335996, 186493, 483124, 179176, 736499, 456671, 624181, 661844
946612, 920420, 722615, 331791, 156236, 397034, 187397, 315591, 499090, 461905, 611472, 771741, 741793, 919775, 949667, 600403, 183954, 369690, 560679, 887485, 557711, 721794, 111169, 841426, 249772, 209883, 857254, 227848, 317015, 991812, 977745, 327452, 946917, 326529, 904525, 493809, 747424, 373036, 989505, 781754, 753012, 998437, 307659, 850211, 227667, 940018, 244969, 449455, 907462, 383229, 136048, 469039, 499801, 404289, 809088, 307945, 206211, 179513, 458699, 262443, 238413, 870844, 399363, 216872
491385, 395484, 757013, 917211, 212380, 679663, 360679, 860866, 173300, 750275, 556120, 729453, 712137, 221633, 601520, 810176, 150126, 906492, 872864, 998804, 972375, 102131, 886846, 276275, 497759, 859725, 541502, 420752, 736219, 209685, 394113, 571283, 658679, 170476, 403699, 249864, 958493, 173892, 467542, 629406, 761522, 284389, 331906, 196537, 973162, 939497, 280950, 906111, 647645, 682314, 568907, 557309, 767278, 801716, 907067, 502731, 955890, 844271, 511224, 952745, 114096, 157383, 218919, 573680
910642, 402248, 255980, 657854, 165967, 298870, 394563, 746186, 990025, 888820, 983365, 283164, 111086, 645764, 426689, 833755, 238646, 805021, 866681, 370969, 234964, 781030, 688668, 392342, 464363, 861468, 557202, 934687, 795525, 544670, 722732, 294549, 499738, 314012, 916107, 101779, 349132, 207848, 378222, 387712, 727041, 830831, 103105, 107970, 540672, 483643, 520314, 250197, 706781, 483867, 762167, 260587, 509840, 890150, 568068, 471445, 202663, 674993, 623651, 785539, 960619, 699587, 368454, 120070
673156, 537754, 791639, 711499, 653649, 778721, 624596, 368134, 987359, 580347, 116533, 581852, 726839, 213880, 959198, 312408, 494522, 631804, 448266, 153113, 778337, 686123, 680635, 233085, 633634, 379476, 453946, 857722, 638154, 808715, 798777, 832186, 278979, 364539, 867152, 184834, 514183, 157905, 124163, 909989, 602707, 395909, 909713, 687161, 274609, 776673, 720851, 802944, 848885, 157246, 813279, 852270, 981681, 857458, 449124, 533475, 957568, 430565, 169485, 134822, 959099, 638015, 398788, 256731
549731, 392477, 513345, 567982, 313679, 801212, 516692, 899380, 192026, 582299, 201144, 548730, 570733, 585245, 243730, 865627, 498470, 432464, 724775, 993915, 666744, 376531, 317642, 664693, 625022, 245144, 676178, 324413, 946829, 658280, 132837, 215479, 204052, 573936, 683172, 154882, 563406, 711908, 881771, 352070, 594655, 915930, 907636, 673309, 380879, 374440, 156297, 369511, 716535, 168844, 229456, 793201, 423757, 342669, 343490, 132741, 582074, 593970, 878728, 252426, 780624, 948255, 595521, 128707
157261, 278320, 283488, 728093, 423544, 820638, 585912, 629200, 533840, 167679, 877784, 868514, 354412, 616155, 790899, 234136, 295893, 269710, 977411, 533675, 786511, 821855, 798630, 251632, 745775, 178805, 904491, 606263, 217795, 211688, 730103, 546639, 952489, 946027, 513742, 453212, 299830, 766983, 902337, 416485, 336382, 768548, 558377, 367622, 532854, 339174, 688405, 956051, 659512, 666276, 866924, 613233, 676972, 687401, 581225, 618833, 546310, 348074, 673899, 327213, 408561, 481730, 147734, 136691
937855, 897135, 393093, 566786, 816065, 905709, 158493, 253492, 932030, 718511, 730427, 142813, 952296, 518042, 385972, 509709, 103491, 335103, 773963, 629153, 679994, 203998, 566176, 254793, 496095, 735685, 887807, 459321, 679938, 556929, 891297, 990133, 253532, 649997, 235304, 199910, 879174, 559409, 325347, 775910, 689903, 910947, 111955, 358857, 334755, 200062, 340837, 102728, 878757, 944440, 211814, 266835, 857069, 667573, 711120, 453315, 180093, 224384, 773517, 201139, 693637, 597033, 217215, 648157
567189, 862321, 599101, 785088, 603834, 493578, 332152, 175482, 771805, 533255, 744973, 407529, 477778, 489691, 325772, 604459, 956103, 150390, 653923, 288312, 919229, 269077, 451396, 827018, 805258, 643006, 215925, 328209, 624217, 362534, 657525, 204557, 112064, 765689, 290699, 796471, 696728, 843697, 698156, 136262, 108706, 863158, 783609, 112224, 451876, 928265, 811115, 374283, 969440, 657358, 618561, 866929, 779958, 574799, 651665, 387582, 428577, 686468, 782211, 574898, 295128, 643079, 344930, 822897
558580, 887906, 295235, 860904, 930670, 602693, 903185, 844946, 447250, 257598, 352098, 569362, 951224, 224346, 951677, 876052, 992139, 285073, 297066, 209585, 200022, 295595, 484245, 734904, 515763, 583688, 486974, 133689, 880462, 477837, 307067, 850676, 415737, 826110, 971807, 606038, 230054, 267628, 739244, 327560, 973596, 824573, 450797, 113583, 587109, 673163, 861861, 683471, 305107, 455860, 199629, 737567, 120044, 749354, 876121, 843794, 993856, 790060, 976696, 547156, 974986, 336665, 296871, 546552
116363, 912558, 288176, 798981, 899578, 489391, 545832, 341426, 479882, 625304, 556991, 217808, 220036, 368424, 955003, 602738, 256245, 742960, 419469, 603965, 160669, 569337, 196150, 689577, 698528, 583372, 956892, 195995, 741346, 724795, 243521, 269647, 377787, 460169, 445333, 996884, 738794, 150528, 895913, 919849, 797437, 847915, 380342, 887167, 734306, 532905, 568957, 241611, 448754, 465998, 156133, 480718, 292789, 206180, 589053, 354448, 635702, 578221, 410384, 234115, 320346, 668876, 478856, 486224
282981, 627360, 557267, 219763, 149878, 982449, 370241, 551113, 805427, 269618, 951914, 896145, 401545, 489192, 758562, 761245, 368956, 747373, 389315, 675509, 739220, 571703, 436490, 244832, 609692, 778010, 106542, 379268, 356924, 202068, 627944, 589372, 269095, 426061, 506426, 908158, 909285, 392357, 772706, 813717, 481363, 844421, 696227, 155331, 238456, 667950, 886041, 818645, 998535, 163242, 332456, 843534, 629241, 449628, 178054, 674919, 877809, 645131, 308575, 767956, 565456, 275688, 962714, 776128
168888, 365002, 425650, 560280, 371787, 205830, 989024, 563438, 631203, 912158, 947069, 109131, 810447, 514868, 870936, 342763, 179773, 749617, 945044, 985892, 384208, 395686, 193120, 343491, 524909, 439095, 512956, 356486, 289933, 413186, 344441, 198513, 460293, 315093, 892523, 841148, 459870, 687300, 868730, 511340, 609502, 975817, 501852, 944525, 323854, 330393, 267887, 713558, 220279, 521090, 755184, 213514, 893732, 810044, 705271, 463286, 890920, 793655, 111170, 481086, 199464, 885200, 936352, 118365
644253, 890219, 741224, 372231, 722453, 313462, 661033, 542149, 468625, 671134, 615698, 192839, 215806, 966574, 277042, 724564, 997876, 841789, 441977, 996132, 512736, 769756, 213851, 291458, 550932, 547636, 158372, 477436, 779033, 323798, 365777, 992777, 287099, 738399, 981841, 767323, 436718, 153051, 656063, 666351, 252192, 732027, 972555, 840459, 982418, 101135, 382037, 596074, 897445, 333912, 503802, 643902, 105445, 262484, 427086, 814053, 352876, 225770, 974890, 949683, 561141, 879029, 471068, 398916
117756, 683563, 746908, 592720, 525254, 225754, 598628, 827080, 486692, 322041, 754798, 222058, 948592, 455401, 979235, 704991, 833307, 336393, 320994, 678371, 788475, 834016, 172728, 154632, 460947, 779688, 325178, 966532, 839545, 903301, 999542, 793685, 522273, 740922, 278967, 383145, 237283, 537009, 206273, 770200, 475841, 848652, 582289, 666704, 325017, 574001, 257293, 728483, 593971, 257924, 809610, 591674, 397006, 999906, 359962, 515362, 625410, 843312, 797524, 683459, 142058, 256863, 173997, 631534
827950, 941554, 718031, 182500, 740523, 358599, 518859, 774281, 402124, 598428, 343858, 278846, 786187, 620469, 486515, 632707, 489608, 746571, 315594, 562317, 438662, 206168, 579902, 828074, 721557, 192793, 501608, 919714, 991210, 989836, 893312, 613122, 485547, 700369, 644536, 443945, 954332, 762519, 105390, 374737, 936391, 258516, 848577, 659202, 269094, 103932, 407731, 232143, 890195, 222064, 702460, 861403, 430473, 828415, 650882, 229080, 784959, 820703, 126909, 762038, 109180, 797545, 184924, 921960
208588, 818355, 467099, 769058, 517541, 863454, 751518, 322525, 220000, 816544, 669697, 157340, 255988, 728934, 252591, 579041, 113170, 364293, 590920, 543269, 444391, 942829, 969825, 325129, 979339, 918456, 793022, 539106, 739465, 422276, 306273, 401476, 425021, 877642, 387048, 857895, 250674, 802630, 348175, 501923, 173048, 713535, 561464, 190828, 493368, 891224, 871960, 940607, 485225, 817678, 826162, 236994, 875555, 472728, 175402, 510564, 130111, 576782, 648625, 622082, 174331, 852146, 276362, 466035
880152, 329578, 643573, 364484, 746434, 690137, 574633, 980948, 234674, 333015, 147671, 918771, 524633, 671812, 173917, 314816, 287551, 560923, 897789, 210804, 154554, 370010, 629936, 171839, 211582, 300642, 277208, 539623, 375120, 190278, 639348, 164972, 527837, 591769, 379122, 164212, 562076, 879777, 941679, 385711, 942594, 319467, 866895, 468014, 954032, 329340, 597335, 146898, 559664, 895465, 893681, 660444, 544707, 433981, 915001, 456645, 577846, 771823, 363857, 314374, 631054, 552176, 240324, 199782
442700, 882585, 405081, 111371, 561725, 971275, 925832, 768291, 513520, 771671, 680267, 423519, 554316, 904933, 299944, 197183, 580228, 499280, 595574, 119929, 399810, 976409, 849761, 855080, 648998, 868912, 363672, 292744, 991665, 747965, 793034, 254241, 427457, 714608, 587478, 496374, 840214, 779362, 525983, 942651, 695475, 232965, 183715, 485128, 686217, 208724, 884445, 173292, 121002, 582192, 240248, 294784, 188929, 610133, 667483, 276542, 661714, 537148, 675860, 484572, 183829, 691738, 620321, 307306
465738, 675223, 293142, 393201, 126043, 971975, 656898, 918314, 653152, 994511, 125196, 884288, 708373, 886750, 390780, 629992, 351957, 425117, 574039, 700586, 285353, 226970, 834507, 137159, 429120, 837320, 431232, 650380, 567068, 600935, 672490, 411479, 964742, 891108, 921199, 161057, 477611, 163461, 559154, 446334, 398034, 226488, 472046, 846878, 825974, 651263, 826567, 263082, 422816, 704607, 578114, 533459, 547167, 418485, 619028, 624704, 859613, 687052, 853017, 323196, 636075, 618764, 223710, 537374
645047, 553852, 800463, 891915, 208592, 403972, 537125, 512619, 199195, 228909, 187917, 208971, 427039, 364324, 203359, 813219, 106771, 844520, 768462, 535228, 865416, 752499, 578645, 149485, 201384, 752783, 549038, 443176, 724852, 621024, 665229, 576471, 996996, 565452, 865451, 553934, 151222, 502453, 567033, 573322, 134770, 355512, 905906, 489690, 607381, 275097, 881265, 589623, 789024, 321047, 848793, 350439, 693077, 308653, 961220, 622677, 982627, 157596, 464856, 947761, 826009, 948090, 277585, 120682
982031, 885358, 854228, 684665, 377192, 866616, 696468, 718575, 350936, 236266, 755180, 385321, 213505, 416243, 728891, 187786, 484072, 877772, 659150, 234906, 240109, 173061, 709198, 857225, 556634, 742381, 306557, 985575, 531790, 361989, 430326, 566886, 284238, 499734, 101593, 596705, 214326, 621176, 180337, 872814, 270291, 813390, 404030, 272206, 507103, 779981, 319621, 595343, 317470, 936619, 152130, 482376, 477583, 342273, 599009, 113719, 138986, 939642, 626089, 456288, 477742, 502809, 840924, 874628
900691, 649434, 356932, 610422, 956143, 826142, 103683, 746333, 457405, 763555, 858196, 748779, 755927, 524478, 350845, 255318, 644896, 528780, 947453, 466843, 489015, 320921, 326220, 692239, 151886, 753525, 659611, 517197, 531396, 461673, 604546, 516350, 827169, 600038, 208560, 348560, 394061, 160565, 310294, 561828, 667180, 855313, 251182, 614225, 781165, 573357, 165956, 509636, 786348, 563723, 851180, 444562, 414532, 985155, 594422, 190454, 794584, 756142, 225969, 302748, 260689, 154981, 693601, 905918
724242, 570148, 260257, 497231, 844064, 510554, 751917, 548796, 457519, 508847, 651289, 464447, 813182, 769322, 556661, 170046, 761043, 163239, 512314, 176420, 838694, 333888, 297465, 270743, 873681, 500677, 312366, 351114, 739664, 600164, 925964, 487691, 299208, 571141, 903292, 519070, 233616, 109984, 705265, 500132, 272305, 864872, 235082, 138589, 231104, 822266, 957821, 138518, 897638, 837489, 243851, 451658, 548915, 382045, 105173, 594336, 194747, 978625, 124529, 683380, 109467, 841503, 473007, 805540
894135, 564045, 832068, 960804, 479029, 382990, 717646, 704340, 208780, 282625, 496050, 344758, 961252, 353232, 260263, 172180, 670962, 480205, 570186, 206958, 203787, 627298, 256082, 928347, 827417, 673718, 301651, 439073, 728310, 294919, 842150, 227366, 110783, 513010, 336805, 274903, 596172, 944165, 967796, 624206, 298534, 590272, 598776, 199845, 526666, 108410, 877981, 330418, 244989, 765374, 213068, 888253, 674227, 808487, 916858, 337232, 296973, 384403, 728160, 949637, 666110, 820433, 608480, 149346
858326, 667940, 529048, 377531, 987157, 928669, 726503, 553255, 230737, 452894, 374761, 410854, 869509, 959704, 199502, 946115, 983338, 363472, 134659, 613784, 172030, 131034, 165948, 370558, 606798, 464463, 586721, 132302, 409852, 684323, 145923, 326336, 283336, 615112, 756868, 323723, 243214, 302267, 678708, 495017, 566487, 317966, 182408, 163347, 517825, 782862, 626300, 656894, 658726, 827444, 838532, 615711, 324763, 137277, 848193, 129793, 326904, 832055, 536449, 705124, 800892, 185869, 658063, 199048
106484, 343924, 330234, 345294, 150781, 465702, 895582, 365843, 755955, 476423, 657221, 256080, 459201, 224035, 340293, 300864, 632353, 915284, 972643, 569236, 444780, 961148, 165896, 270224, 449279, 944604, 355340, 295362, 714652, 376850, 740593, 897862, 537709, 374689, 812424, 695690, 123378, 121563, 195172, 942815, 155386, 794491, 717922, 571162, 489395, 878954, 516907, 891430, 921661, 938240, 305755, 262070, 791085, 504008, 859591, 452047, 394679, 832665, 827670, 623530, 706491, 362975, 847309, 520474
522637, 475305, 806345, 705698, 918313, 175624, 617418, 372014, 122528, 824044, 296945, 264603, 733051, 468877, 853578, 650381, 762199, 475622, 262154, 728718, 993122, 180624, 147778, 815091, 861360, 684188, 552197, 887652, 718426, 869229, 598086, 181586, 929919, 777567, 251584, 907650, 396561, 669522, 365320, 942244, 743881, 252783, 271775, 869325, 615530, 694421, 893787, 159417, 819880, 472254, 840200, 759378, 508700, 495647, 945575, 772956, 108237, 411878, 771939, 116725, 560316, 913527, 556617, 769681
177227, 112735, 258952, 623058, 984894, 236743, 438975, 249247, 148342, 338171, 343057, 205860, 925364, 302089, 341583, 936943, 707915, 639570, 219245, 286359, 744633, 754687, 692596, 847101, 293008, 242879, 121476, 907817, 922317, 427801, 841748, 151663, 900600, 792849, 338646, 929786, 927262, 235944, 891156, 477953, 678821, 883540, 570493, 969900, 516970, 108638, 568758, 150214, 236774, 592677, 344589, 672201, 555738, 334634, 707178, 194036, 283360, 932709, 706273, 567571, 894672, 914464, 753953, 906640
574216, 224214, 486100, 524582, 351811, 343585, 566534, 862742, 586603, 231507, 196718, 416628, 918619, 550897, 663709, 402164, 237052, 132700, 205630, 309889, 459376, 658375, 928305, 898015, 508429, 327680, 380432, 363026, 670065, 508329, 867954, 512175, 215889, 120182, 157559, 222427, 646923, 515260, 668796, 671107, 401296, 699298, 241077, 560926, 761943, 596913, 132819, 293842, 789718, 118623, 437198, 965849, 282012, 859248, 750103, 881224, 153721, 183937, 667461, 848862, 471965, 198052, 223309, 512692
169743, 312520, 790928, 552100, 942859, 219900, 663683, 277562, 795659, 460131, 514305, 729202, 586218, 730466, 467049, 427768, 786679, 889340, 860363, 164355, 955922, 808507, 535320, 479892, 697455, 250376, 875169, 774656, 775744, 666159, 446106, 241879, 974311, 650460, 282604, 902000, 208656, 761967, 940389, 883190, 134329, 107351, 188844, 144414, 816983, 981307, 776556, 462870, 253047, 449539, 768615, 423711, 328380, 479194, 739169, 557951, 638412, 266969, 219898, 850766, 251264, 950093, 373065, 147896
517046, 629138, 964428, 681470, 637927, 587577, 774492, 928932, 880476, 248289, 967318, 774895, 191534, 449665, 234358, 314990, 669762, 887677, 314012, 818654, 930241, 750944, 466670, 614697, 774680, 578802, 585970, 106311, 897681, 616289, 667900, 485468, 223226, 992458, 485022, 208317, 260730, 194906, 677646, 430620, 345683, 743151, 669570, 392521, 977854, 833031, 116493, 894279, 463207, 978843, 376149, 389879, 239499, 387145, 903179, 289166, 917679, 997157, 327719, 916985, 439709, 823492, 263261, 487511
369854, 840216, 257856, 293828, 561601, 427467, 237726, 718652, 999920, 446139, 112874, 246626, 206160, 375773, 938398, 909889, 726390, 831076, 683480, 896317, 110793, 669567, 225170, 232616, 553951, 837427, 334968, 502374, 754409, 768102, 124592, 219939, 333585, 514147, 667695, 349825, 846116, 246381, 138730, 241333, 710387, 763248, 576149, 386266, 188080, 817961, 700274, 627850, 640949, 962138, 982319, 910816, 297251, 218173, 682356, 510694, 503474, 615195, 435167, 892336, 272665, 445713, 698004, 961620
857301, 139758, 658874, 296538, 855616, 112454, 774032, 851329, 386302, 266894, 192311, 847375, 611102, 488449, 267394, 459157, 642959, 571992, 463288, 499820, 953993, 763916, 674763, 455078, 837057, 279553, 964898, 193271, 902602, 648592, 475443, 461773, 678467, 895379, 409639, 808141, 328152, 688149, 802913, 923625, 328563, 769080, 947431, 312437, 278790, 209908, 451899, 173355, 604543, 891470, 467478, 507694, 128426, 755894, 648257, 398127, 714718, 982237, 235059, 555713, 283420, 941397, 698619, 653623
931428, 924771, 318349, 351610, 324497, 174766, 118341, 837958, 890720, 295124, 836706, 172916, 571243, 208448, 842782, 804465, 917595, 383526, 483566, 891696, 871571, 342663, 393897, 568123, 607544, 471476, 748277, 211677, 586162, 472489, 746983, 252635, 757435, 591639, 543447, 645686, 560812, 730362, 953369, 380822, 150128, 846927, 572889, 803470, 271620, 907079, 957877, 879277, 446930, 410130, 700466, 767322, 267419, 495485, 687975, 980948, 159284, 497497, 145849, 789231, 738154, 746995, 932969, 501118
