836827, 668538, 858357, 170701, 263544, 772212, 406988, 456268, 336262, 831850, 335989, 193986, 384898, 171439, 550037, 943790, 502526, 808145, 820151, 275919, 947525, 377273, 321111, 548415, 429078, 702305, 248313, 279302, 897721, 188401, 734651, 253244, 163599, 408478, 706403, 668476, 488189, 752641, 651363, 260358, 650963, 952482, 149591, 900273, 179895, 309620, 859319, 360851, 922205, 494056, 370512, 748150, 189459, 148979, 151236, 984795, 968366, 877022, 810811, 165901, 402984, 727338, 504484, 501648
985817, 800442, 513672, 195145, 344471, 999269, 426922, 123280, 559916, 187487, 675646, 466249, 817185, 502096, 269181, 403715, 967443, 792061, 252808, 872863, 696483, 893498, 138896, 861055, 162873, 822163, 770720, 723918, 337795, 459524, 366050, 503511, 170720, 340816, 714229, 657593, 706929, 107594, 821339, 335009, 987467, 815126, 601669, 657778, 596906, 360743, 197362, 345848, 391842, 477187, 131797, 933224, 941271, 712492, 801830, 508424, 924381, 789597, 366568, 321003, 155250, 805996, 557069, 296166
666371, 830918, 502023, 535229, 860369, 142684, 845232, 356714, 355399, 930345, 502699, 103760, 119411, 577642, 915783, 597706, 636756, 384964, 415283, 567949, 474588, 999132, 931885, 937833, 902319, 226349, 183234, 594785, 331038, 566301, 187939, 432834, 406871, 699695, 969571, 464044, 558188, 349324, 403425, 725836, 450553, 652643, 126597, 385742, 274880, 391157, 817930, 854638, 760203, 769507, 252934, 960187, 374276, 469943, 924173, 851394, 306371, 268109, 232633, 333193, 656243, 737399, 701921, 771096
526712, 170185, 749496, 407166, 922410, 377388, 729028, 370102, 987894, 439738, 397929, 377684, 341818, 418386, 462057, 919797, 981591, 168117, 826984, 504720, 771088, 407141, 214388, 633656, 679930, 836684, 357970, 282160, 503809, 227363, 143472, 393192, 567377, 503398, 853794, 326649, 926241, 763982, 499705, 533897, 290248, 392394, 740604, 958050, 417284, 860491, 981276, 162805, 163424, 639362, 225975, 528714, 113750, 326450, 200292, 202657, 486128, 263438, 905596, 303848, 277896, 541417, 905279, 920405
316415, 971230, 761181, 648495, 873414, 731230, 246644, 276417, 237348, 623916, 867313, 276912, 292660, 338121, 930576, 834199, 659896, 138574, 277893, 507891, 838854, 908782, 314665, 238328, 799727, 512395, 280241, 777190, 772856, 463364, 117489, 892377, 419241, 202306, 458785, 969594, 676116, 808840, 886355, 978799, 994064, 805168, 443429, 769050, 917145, 390707, 419877, 640066, 597981, 231697, 511163, 211855, 965586, 701599, 731938, 461522, 186128, 847518, 179764, 909076, 859249, 843375, 610097, 126030
459414, 694774, 741653, 970162, 566761, 914350, 872964, 261568, 363839, 317975, 230624, 388347, 741381, 379948, 684089, 474504, 194997, 284135, 316305, 771334, 962332, 485050, 571914, 342243, 424545, 990908, 821299, 640722, 399262, 441387, 851788, 717248, 525575, 670537, 417499, 435573, 483337, 380215, 435391, 556623, 677912, 706965, 627460, 434701, 663537, 166346, 543790, 228531, 237493, 205719, 427457, 935906, 193220, 533876, 309957, 137198, 862042, 591867, 176422, 601235, 102895, 663268, 163958, 722921
783657, 416938, 479309, 640033, 174748, 628930, 417646, 982152, 287603, 344902, 719116, 238650, 679194, 282662, 862650, 989480, 127979, 485353, 142383, 634608, 429355, 993548, 246847, 385533, 616305, 755888, 368966, 560811, 848488, 140393, 355742, 751998, 667735, 622757, 769863, 636855, 754900, 764539, 824804, 104968, 461178, 785210, 984271, 286125, 409656, 771273, 252944, 847302, 821029, 223043, 935031, 400588, 415544, 805777, 978376, 157456, 685471, 598664, 339326, 667118, 234041, 894991, 139492, 533961
223078, 108108, 405658, 511311, 431575, 366291, 326360, 311986, 946413, 706402, 491227, 666432, 463617, 181570, 273736, 830470, 715459, 861933, 622598, 500494, 653302, 353061, 873448, 774868, 526978, 996687, 373093, 960982, 621897, 949361, 240869, 136000, 377819, 981872, 518816, 388778, 443985, 119877, 838509, 144483, 154325, 150717, 772923, 912071, 662387, 486617, 510407, 939710, 176843, 644029, 260661, 767960, 198063, 132942, 358922, 838614, 443423, 396983, 393302, 794876, 659851, 802090, 920865, 939026
654747, 523874, 718282, 944444, 782126, 107736, 265600, 288545, 458617, 197180, 916066, 344749, 737414, 405800, 202675, 704736, 456605, 516477, 389753, 801772, 410630, 259475, 854584, 334926, 427597, 317796, 165828, 768656, 688036, 820036, 670671, 347478, 119426, 178359, 102552, 561456, 459252, 823343, 773010, 612745, 492831, 242705, 548360, 740471, 620428, 361896, 708305, 806361, 490609, 629555, 600512, 336343, 574213, 858070, 466807, 203381, 292443, 893099, 696922, 592705, 302304, 333323, 947782, 390572
230884, 414548, 469255, 716256, 686852, 319472, 374298, 502017, 938216, 800713, 215269, 912049, 431259, 521347, 622138, 909944, 542193, 131167, 328858, 605385, 631223, 502158, 852124, 945599, 740697, 775317, 836832, 114556, 796488, 303362, 106701, 285435, 894402, 818952, 218522, 699052, 551424, 422773, 398103, 969448, 919858, 251469, 553197, 817460, 374362, 205498, 160187, 183058, 451359, 547012, 515695, 502018, 253910, 417290, 500282, 598460, 566080, 724993, 175947, 967431, 312982, 690184, 444756, 752474
779247, 916001, 855434, 364234, 147354, 751177, 781886, 782950, 880516, 286624, 775628, 753958, 201251, 561352, 956497, 916740, 234353, 684332, 278049, 801239, 403185, 253720, 156306, 157156, 601578, 105690, 301330, 890099, 761892, 804380, 372592, 241996, 536471, 129147, 531030, 322168, 684119, 425232, 226036, 828680, 318359, 951484, 356657, 431561, 388794, 819130, 756445, 100164, 848062, 930464, 598617, 262368, 445081, 736792, 670861, 968925, 525039, 343344, 901832, 517245, 780814, 514356, 817696, 138633
449353, 210759, 341696, 984569, 747261, 649372, 801917, 359198, 975073, 678621, 826662, 820241, 512971, 680300, 441727, 607391, 891798, 258673, 681360, 105026, 766537, 690665, 747612, 156534, 308915, 435481, 861028, 638901, 974603, 325232, 674188, 818490, 148658, 855886, 657550, 614367, 110108, 421476, 843404, 227239, 509983, 216379, 718404, 781316, 401762, 528268, 741475, 220602, 575976, 726007, 778006, 784780, 605742, 845620, 652723, 508646, 350084, 503252, 214954, 551672, 335461, 763401, 930920, 472118
912231, 746379, 359182, 563024, 683513, 603268, 398067, 762921, 757831, 597745, 668029, 690968, 947824, 842049, 701248, 430875, 718629, 439205, 202530, 227975, 952720, 238632, 827529, 852921, 383906, 414750, 709288, 402429, 589201, 827504, 508056, 600327, 165175, 412354, 186025, 736334, 185983, 880907, 742979, 556869, 659473, 982121, 507926, 366298, 176787, 733169, 787825, 647447, 836982, 511987, 652386, 349180, 163876, 153423, 520215, 376255, 419181, 265289, 664197, 877501, 877389, 165750, 695030, 182919
581538, 389299, 354391, 411087, 898585, 864467, 311469, 925151, 803184, 969416, 347631, 753475, 855570, 544248, 426877, 816390, 100547, 439795, 832101, 174393, 890482, 748255, 263390, 742592, 747217, 158425, 989456, 949986, 911703, 150123, 917577, 927673, 773316, 699122, 863686, 781466, 532360, 714704, 890317, 475116, 840993, 667444, 826737, 953832, 993638, 731905, 710324, 609118, 401355, 111002, 105893, 489788, 668678, 979078, 646137, 240875, 342421, 295406, 734072, 830731, 744866, 962947, 622887, 713483
506573, 502652, 537810, 454879, 782484, 378334, 854891, 219261, 726935, 296982, 906666, 811229, 410772, 732028, 121613, 661443, 697410, 367656, 376113, 407625, 235165, 490122, 401364, 639274, 919333, 226019, 941805, 589295, 588681, 783612, 729718, 964283, 352374, 304683, 387794, 254846, 667158, 952283, 672236, 557250, 409366, 610527, 948476, 481865, 299112, 135498, 840971, 510001, 979991, 120099, 618676, 672778, 434187, 364307, 827277, 676509, 657271, 460928, 116818, 146953, 696549, 586204, 359107, 819874
854819, 540093, 250282, 116633, 657353, 505683, 700554, 987619, 845008, 529990, 626678, 752409, 472606, 549240, 667824, 537988, 623518, 958155, 922143, 892194, 118921, 398532, 837029, 535371, 948052, 628152, 416694, 886884, 990621, 523362, 815954, 611608, 697680, 413029, 219555, 916513, 783722, 769954, 307116, 467289, 630348, 770273, 631795, 570661, 491352, 187644, 925607, 849542, 332208, 481161, 941901, 704094, 886735, 369710, 745202, 557812, 519434, 980420, 259898, 231813, 628914, 964924, 825862, 380755
295856, 952570, 256310, 872936, 374080, 229841, 483255, 758250, 156541, 166603, 943051, 811421, 964376, 225149, 276974, 227965, 697700, 391346, 532676, 912024, 566397, 614399, 594786, 398676, 782510, 736647, 578999, 140088, 722585, 624072, 172170, 900789, 391087, 737950, 548878, 772297, 258106, 890037, 926526, 328693, 643655, 448477, 114165, 679484, 523432, 856808, 365597, 756447, 615585, 531234, 504173, 808075, 954364, 685303, 451268, 288924, 142749, 175259, 985488, 616212, 812231, 395916, 764685, 136727
699934, 515428, 569816, 293001, 746473, 204506, 807096, 994275, 367232, 436754, 421481, 721443, 806555, 878353, 340676, 666492, 484403, 302234, 592581, 491821, 956155, 355999, 294551, 639800, 125733, 331793, 280307, 694518, 547071, 544054, 307857, 609603, 460888, 265191, 287055, 445129, 439347, 951951, 778691, 381282, 368981, 394310, 158756, 126015, 299770, 984625, 363988, 528222, 768453, 463981, 108523, 608075, 985391, 554632, 322797, 730052, 838190, 522036, 997528, 682420, 541044, 988863, 952984, 587212
473313, 709384, 343838, 410120, 660691, 766228, 419376, 580383, 613129, 303139, 871860, 407757, 485670, 400799, 320417, 975102, 143215, 192158, 886865, 446382, 425784, 207066, 197535, 481067, 766428, 267257, 891022, 466989, 117384, 873723, 439522, 724852, 607708, 191650, 538052, 499606, 292780, 617459, 445712, 527876, 418222, 636541, 695735, 662927, 268233, 520821, 931450, 743211, 511022, 159430, 906127, 981312, 898080, 761840, 588462, 780285, 615512, 940604, 886602, 414930, 582778, 731112, 142449, 177682
721632, 836831, 616953, 234997, 739181, 945739, 630124, 785730, 225514, 413475, 887134, 973511, 786397, 719650, 997848, 253761, 639349, 783420, 801786, 967567, 631590, 383506, 836716, 808083, 492144, 610257, 631863, 952183, 638082, 334305, 502062, 694578, 845874, 784617, 304804, 147994, 517078, 520281, 691528, 123886, 411053, 948615, 669567, 978973, 318702, 699655, 758699, 556789, 468189, 263738, 780612, 652803, 361197, 870357, 975838, 654702, 339103, 434303, 722569, 272780, 790591, 326068, 913859, 736423
152541, 910693, 590944, 389923, 152075, 926101, 577877, 413798, 284007, 929393, 903823, 984121, 974102, 795149, 151998, 421736, 252524, 110779, 131476, 496046, 569456, 382036, 409927, 167684, 379067, 360791, 859001, 954871, 857908, 953692, 976714, 305581, 457380, 150544, 579356, 507615, 596476, 412213, 457208, 423376, 731994, 660420, 235759, 905446, 486310, 552181, 589370, 248393, 394082, 318914, 694595, 616845, 623646, 554999, 133879, 616246, 630697, 513744, 850284, 389175, 247153, 508895, 759928, 764694
981826, 969786, 279321, 185400, 484804, 322830, 477628, 405236, 844437, 425770, 286867, 770991, 535682, 850299, 181442, 660167, 261424, 995708, 339032, 771391, 411142, 809553, 380273, 164080, 869388, 274148, 235229, 915064, 425955, 523518, 353433, 590622, 324907, 535851, 528962, 780925, 313281, 934925, 511579, 663636, 238192, 770477, 155244, 208248, 523383, 356121, 476953, 187112, 934199, 842906, 830484, 284823, 673651, 602060, 738459, 941636, 996951, 121847, 218578, 461346, 854484, 628290, 837033, 449770
853420, 357076, 354878, 124478, 471514, 604596, 610674, 375608, 259995, 420951, 679849, 382917, 941562, 720219, 400232, 978781, 716488, 760707, 415874, 233381, 890128, 310487, 848331, 208400, 474963, 223899, 105793, 578564, 643528, 327040, 632152, 111745, 336267, 886690, 837962, 845714, 578345, 882244, 135496, 365316, 599011, 741756, 747276, 309362, 228083, 530415, 689055, 154521, 348096, 463551, 451403, 594252, 301246, 387109, 565892, 460814, 743945, 578439, 722639, 678929, 819187, 750930, 496067, 544001
372828, 404755, 575412, 160235, 864201, 657533, 992873, 370572, 806255, 982333, 673414, 132168, 676373, 509171, 525179, 224613, 774536, 364431, 612102, 613386, 903078, 709045, 607166, 937160, 504601, 431907, 926453, 491649, 189574, 174116, 229369, 218214, 129024, 113935, 107542, 113509, 977158, 897969, 530421, 734167, 527217, 176117, 792795, 354840, 189004, 967151, 837906, 279933, 856789, 827869, 921555, 962295, 426846, 226923, 712396, 535341, 486292, 607531, 443694, 544314, 190351, 416194, 138088, 588664
813260, 738696, 942338, 570004, 427717, 725457, 982980, 755001, 843677, 677993, 510004, 972510, 427129, 855645, 229899, 403320, 991253, 282160, 977491, 381876, 477748, 975890, 264092, 372632, 470961, 841795, 128911, 381580, 727304, 115582, 858205, 773439, 525768, 135156, 285004, 543761, 575446, 647277, 737494, 278339, 766299, 426605, 554448, 711513, 338859, 696126, 173999, 212215, 468467, 412296, 663425, 771462, 446196, 151493, 510075, 975750, 598264, 229930, 628861, 686340, 778556, 570589, 427574, 359994
144594, 876282, 651214, 351784, 329421, 910804, 262055, 891713, 928759, 486200, 322389, 666759, 457989, 163788, 173821, 197788, 770161, 932565, 112206, 865440, 350114, 215151, 939008, 202247, 854053, 574220, 201497, 769230, 993158, 259973, 910172, 253841, 246868, 518851, 756241, 974530, 893702, 332315, 982689, 197363, 265821, 912185, 217821, 532702, 953640, 542731, 471353, 353632, 681221, 259988, 396341, 721330, 466276, 667658, 964438, 366889, 181651, 530447, 384612, 540290, 258380, 632565, 775629, 532279
226330, 457998, 666009, 753488, 468163, 781807, 138186, 770872, 836476, 147148, 585138, 556700, 436706, 679538, 118376, 570911, 444814, 188824, 264987, 509783, 582251, 315454, 501675, 860908, 526206, 617940, 770599, 869083, 560410, 120545, 274207, 986509, 585222, 560686, 527943, 948200, 775641, 203446, 521444, 422690, 333050, 398414, 181712, 779674, 188167, 689604, 124498, 602012, 399750, 157404, 863551, 278169, 771684, 676824, 587980, 259123, 659616, 500044, 345105, 790627, 806866, 370731, 404572, 364606
669549, 460845, 513318, 952103, 759572, 933433, 186106, 422655, 771270, 110380, 797663, 920537, 163699, 546773, 469406, 801039, 512900, 572621, 532354, 641898, 156294, 966603, 961888, 853103, 776306, 746596, 809432, 707723, 922408, 485585, 351376, 884167, 617278, 504314, 189977, 914969, 637635, 163565, 560994, 650382, 611070, 327610, 110746, 132290, 525997, 872892, 999913, 486289, 193498, 422930, 728567, 135124, 422947, 915326, 278414, 578948, 949032, 178767, 519972, 142901, 255610, 870410, 494409, 771941
282107, 599709, 345824, 142211, 472470, 734634, 960150, 777014, 451187, 158428, 624619, 952906, 703396, 169112, 281331, 741496, 337841, 776165, 310170, 591195, 792967, 493061, 795072, 375222, 113810, 793075, 779954, 493626, 105513, 571104, 422525, 586511, 398745, 370370, 153626, 734765, 376825, 497148, 227108, 222410, 748927, 449059, 369473, 634460, 875436, 506913, 875493, 363534, 726927, 290930, 114868, 624193, 689290, 585994, 293992, 577747, 409003, 542691, 218551, 224170, 242478, 344631, 763348, 307608
372108, 276095, 473574, 426349, 778794, 603236, 504739, 675971, 150176, 714501, 198611, 946509, 142815, 684469, 914644, 757571, 863427, 586787, 786875, 971521, 609368, 725538, 331461, 907400, 300164, 234949, 235932, 734814, 330545, 552333, 978840, 611459, 435474, 605668, 252602, 220100, 894705, 819582, 268321, 901789, 819177, 856800, 167088, 614644, 252421, 931003, 860737, 151017, 549431, 867582, 748416, 625115, 468191, 179560, 356906, 892881, 638744, 858058, 438699, 539432, 389690, 584275, 281331, 653860
525099, 795967, 763875, 599397, 383898, 317238, 308686, 761327, 150002, 941094, 875021, 606876, 948760, 146822, 463314, 389248, 283506, 449404, 243421, 394151, 346449, 876356, 363183, 340200, 315309, 158774, 499985, 773458, 317943, 155711, 968409, 131170, 563768, 445662, 486496, 557444, 108754, 971705, 207918, 484461, 849816, 774617, 196730, 573104, 544162, 831396, 389942, 946822, 449960, 524708, 621716, 921277, 587517, 797303, 238905, 202140, 222445, 237379, 577112, 857075, 784882, 196107, 937524, 848950
546322, 362900, 256069, 784410, 316694, 253787, 655572, 117197, 691400, 576312, 328453, 475894, 252036, 618786, 886378, 322161, 216112, 987232, 197918, 666165, 827283, 892579, 951051, 492248, 763931, 120027, 659685, 319889, 217357, 875841, 298662, 642729, 925591, 920726, 764318, 557913, 504989, 892404, 947023, 675159, 356375, 897638, 783483, 381787, 232069, 738131, 581599, 577317, 815412, 152764, 763992, 873393, 389795, 457305, 417874, 978000, 394406, 198040, 802738, 868016, 830993, 224334, 890589, 618227
870510, 361411, 490166, 971389, 960073, 329804, 651600, 552178, 861470, 733796, 827846, 901939, 344230, 407169, 531447, 856579, 156807, 804384, 327484, 752089, 723100, 629217, 722219, 955907, 260082, 165523, 970744, 372905, 855765, 766153, 861173, 438888, 764496, 177853, 785484, 654650, 980235, 827639, 759316, 972941, 409381, 226765, 648472, 952594, 489863, 732738, 197197, 796997, 631029, 285008, 297882, 434238, 477380, 185081, 195156, 988419, 180678, 783282, 522077, 154113, 585719, 796233, 776799, 389497
400386, 781732, 674726, 529389, 170567, 990618, 566285, 943566, 897225, 658051, 956022, 956755, 755976, 201796, 580597, 380039, 999938, 315318, 637871, 316679, 341279, 142463, 364438, 831635, 389380, 842306, 759514, 866846, 651822, 699518, 791873, 128001, 303655, 786283, 837218, 210194, 527717, 568874, 229623, 983828, 131264, 254300, 174979, 281739, 628086, 140292, 930047, 814191, 499036, 285865, 440491, 715936, 611921, 224033, 812314, 694086, 900622, 954614, 949164, 251546, 923712, 238804, 715375, 120950
136421, 558430, 542481, 528514, 304888, 318158, 536855, 459128, 320098, 870801, 449914, 898293, 671706, 688179, 725737, 132479, 337977, 433507, 185619, 141177, 441645, 483888, 687929, 778744, 238656, 944057, 218766, 530457, 997083, 198399, 374884, 536336, 240358, 617247, 398480, 482938, 685710, 637695, 329837, 580018, 468880, 769789, 896629, 808579, 974332, 213017, 665781, 239452, 615285, 950969, 963671, 278722, 674905, 876121, 656591, 702896, 801630, 424354, 663874, 811702, 868080, 824229, 211338, 247305
899874, 733894, 837919, 597510, 809946, 792632, 292061, 671810, 746083, 538496, 459043, 480389, 949214, 469865, 399212, 104522, 221058, 557578, 187236, 288526, 742511, 258875, 746362, 630320, 109064, 498519, 863342, 282800, 277654, 747569, 688335, 425164, 744098, 455169, 982170, 712085, 786178, 290035, 909203, 637363, 195863, 488782, 353200, 518974, 485224, 715699, 888455, 574159, 434351, 980043, 827096, 225536, 196809, 620042, 239499, 912099, 864093, 204255, 140848, 242959, 804441, 325167, 203866, 369449
407833, 779860, 298285, 959705, 546634, 523505, 316113, 219950, 839255, 452115, 587717, 948243, 648553, 224522, 732112, 614052, 729620, 133742, 444831, 525590, 399358, 772268, 603316, 246581, 680944, 456094, 300862, 364852, 230204, 195319, 662974, 943728, 530711, 412172, 613447, 875463, 607810, 312701, 110797, 450978, 764794, 793545, 653068, 144203, 975418, 281876, 943941, 446697, 686945, 954145, 802349, 260856, 670107, 511126, 216183, 660477, 520307, 197238, 225675, 255710, 635783, 279335, 151848, 630018
556647, 534872, 966077, 307458, 799468, 285849, 767260, 684969, 552897, 832212, 786150, 939427, 215287, 455096, 547527, 537900, 880584, 769980, 456215, 560888, 688478, 280062, 194751, 330599, 719334, 842059, 446415, 135511, 181282, 891243, 883882, 154917, 850856, 101873, 562614, 645603, 564200, 205173, 786329, 703161, 514082, 916553, 854699, 669678, 387891, 462741, 885377, 832664, 371457, 346446, 844895, 811013, 987250, 170559, 981579, 324164, 695636, 535301, 685627, 264492, 267064, 978649, 361650, 325091
680791, 906524, 323672, 628788, 600481, 581056, 309614, 820861, 773954, 840147, 908550, 982861, 530999, 457291, 452113, 241881, 989380, 521685, 565007, 576965, 827027, 867587, 477634, 675851, 338473, 617615, 710634, 145777, 185619, 980728, 381174, 335768, 251861, 178964, 903263, 447755, 686276, 948890, 298590, 260647, 618921, 268557, 562659, 360682, 108596, 144812, 842911, 377683, 615522, 731559, 190160, 164076, 668197, 574668, 773537, 357294, 561800, 460863, 876603, 753581, 368661, 508134, 629601, 480222
105734, 396942, 810742, 796551, 543943, 405479, 946385, 780021, 991181, 845450, 487846, 754392, 235874, 171464, 709965, 882166, 305494, 318861, 665896, 642713, 533165, 659111, 540560, 957084, 388418, 515134, 935300, 906624, 592738, 257166, 230392, 249226, 600575, 978907, 314771, 539079, 620649, 257737, 551119, 371880, 948410, 668111, 904127, 634952, 600196, 106446, 295023, 717000, 139076, 945227, 271145, 354185, 305269, 877568, 653765, 332229, 331814, 436759, 803926, 376653, 270055, 260651, 383082, 220669
694030, 299602, 706935, 873627, 320582, 940039, 760762, 742098, 712698, 802968, 147375, 810724, 287090, 908201, 777657, 812486, 166415, 353952, 719180, 351098, 942965, 889397, 426286, 690308, 608754, 411052, 558473, 201769, 238612, 354313, 690185, 104477, 801308, 717711, 563875, 503415, 674991, 178007, 408575, 146803, 270341, 686786, 554152, 472341, 596685, 295024, 848354, 455830, 434713, 955753, 592727, 818754, 363275, 591201, 611078, 304943, 888159, 103651, 493268, 899856, 353600, 636721, 757991, 203521
129321, 719197, 628252, 948067, 188016, 138733, 574831, 810397, 352788, 248012, 715625, 759388, 465066, 660818, 742706, 769707, 969604, 248429, 893269, 387237, 406209, 926223, 103509, 720206, 592232, 881379, 207423, 707470, 564909, 890322, 983134, 596108, 274940, 521052, 961466, 345220, 252050, 351705, 126891, 348776, 790331, 719229, 356914, 983937, 521697, 157172, 837563, 988502, 702655, 746156, 765143, 831988, 568811, 264952, 956881, 770375, 230786, 767667, 402253, 680229, 820093, 734663, 557612, 745209
189368, 820780, 814938, 266865, 435892, 156859, 936337, 494818, 461059, 738917, 225397, 218670, 172007, 325955, 755980, 228097, 181986, 341898, 804997, 203317, 242913, 629993, 744417, 523577, 410985, 969400, 548422, 703065, 931669, 976735, 685045, 343424, 392166, 114411, 631194, 250092, 144109, 696264, 836951, 573137, 710155, 717790, 847190, 252634, 386684, 658745, 601238, 691864, 768432, 181178, 800906, 307670, 604729, 561990, 893925, 884987, 998203, 329024, 943898, 561918, 135619, 624543, 927739, 601272
542450, 487373, 747703, 388790, 958270, 999538, 151110, 152800, 340366, 745549, 310729, 358830, 786902, 293771, 405985, 244096, 974275, 732172, 940198, 986877, 224682, 806698, 796633, 855256, 173421, 376377, 319823, 107668, 686803, 722691, 633345, 154033, 444486, 781806, 805878, 538665, 710133, 329619, 539128, 105308, 328094, 930195, 184529, 212206, 332669, 872153, 548753, 273746, 318629, 688896, 186525, 924340, 853421, 997429, 342594, 776658, 141092, 764913, 935621, 572367, 786069, 298642, 827164, 355878
672493, 575895, 392393, 686533, 554787, 889434, 746002, 973535, 902065, 859745, 835169, 429948, 722303, 490998, 331025, 933256, 630753, 376225, 234092, 636971, 957567, 572265, 249747, 763090, 902208, 994906, 910270, 642281, 963005, 293216, 531601, 122655, 817494, 592181, 349218, 162549, 798245, 469512, 165841, 234850, 993530, 825943, 760136, 212175, 774597, 243462, 598092, 677239, 334303, 493289, 341704, 879766, 856298, 261979, 600026, 186528, 624785, 561184, 734684, 301361, 663914, 275218, 793174, 579723
923585, 203220, 446973, 969668, 800000, 133435, 572543, 435848, 265478, 823421, 286638, 687962, 239583, 408901, 897256, 964834, 284064, 745602, 222281, 651889, 980843, 978250, 415298, 863638, 477853, 494461, 108414, 890009, 759734, 893234, 891767, 109550, 248829, 829604, 382438, 200981, 706165, 574796, 795710, 177409, 978690, 431741, 775617, 308667, 339034, 479754, 614348, 747918, 708528, 835442, 530867, 146999, 383161, 938061, 951019, 366034, 425375, 464046, 886472, 410433, 633210, 444464, 989250, 506111
999504, 113655, 860081, 289077, 671916, 301194, 886287, 422124, 824247, 140048, 721254, 537796, 619181, 245785, 874641, 373415, 691317, 507721, 602042, 970821, 691618, 362890, 851324, 382668, 111037, 311971, 420351, 389554, 179538, 109471, 788780, 176565, 118083, 962575, 733659, 294868, 625271, 904717, 804172, 721970, 641185, 713093, 582169, 154636, 764419, 925159, 518843, 717369, 510117, 427509, 773370, 219879, 370830, 374901, 880165, 945586, 669520, 877550, 143534, 254592, 164195, 644565, 307710, 537028
469659, 612149, 447194, 809305, 917905, 767419, 652242, 780057, 801306, 959472, 622827, 661372, 263933, 205125, 209425, 442037, 627015, 207913, 672394, 228385, 580136, 146829, 607616, 490423, 244637, 406300, 271506, 939412, 418725, 764757, 684773, 896056, 251525, 821514, 125393, 723910, 380560, 926541, 449924, 546202, 369534, 800096, 557171, 671517, 189602, 831873, 996437, 541179, 192519, 947022, 761861, 507965, 575829, 328035, 482187, 757167, 269582, 822975, 513055, 641077, 192233, 692710, 112424, 874714
385045, 947207, 767898, 233904, 786347, 675409, 220246, 378533, 220055, 922365, 329326, 737153, 178128, 447985, 831525, 510595, 109929, 668962, 921380, 853598, 560959, 514665, 682671, 419592, 718772, 869428, 439520, 578923, 625048, 871314, 412649, 706108, 243679, 499526, 680776, 558192, 402347, 799001, 410292, 768822, 221262, 659015, 426848, 363079, 386375, 882493, 777971, 830180, 761792, 834698, 176424, 202932, 825061, 466711, 190299, 600236, 532128, 179121, 120065, 548929, 213274, 377859, 965482, 219608
920070, 862431, 356380, 371526, 508469, 273077, 275062, 877863, 627841, 272997, 956077, 321224, 843945, 620055, 283652, 327295, 769169, 435394, 707827, 644187, 255518, 519487, 231085, 574752, 997400, 943551, 847498, 355236, 341538, 990603, 226135, 176392, 455442, 497923, 893628, 615091, 187705, 555815, 263883, 399611, 221676, 132370, 530397, 247180, 989155, 539009, 736890, 843528, 834151, 321672, 279586, 370260, 784596, 914527, 844977, 927870, 819407, 268789, 141062, 134781, 945782, 761618, 299803, 296302
311971, 318540, 316759, 753785, 965833, 197221, 236870, 533862, 128850, 780936, 596310, 101455, 471140, 508861, 110770, 653896, 908438, 124185, 748064, 472367, 847796, 353460, 377223, 985838, 855006, 232135, 893930, 111189, 107538, 794591, 595311, 518739, 617449, 323651, 635812, 809480, 279985, 541405, 362574, 806430, 937735, 415665, 272633, 810114, 671656, 385019, 582687, 952889, 398625, 506584, 532233, 260480, 770365, 768885, 806531, 954225, 162040, 973197, 813159, 849890, 503135, 613691, 505057, 588900
677216, 281401, 515653, 256389, 594521, 698855, 713696, 564379, 813480, 192421, 460160, 186458, 154983, 643454, 256869, 211644, 131131, 861239, 132627, 230105, 622075, 903814, 543314, 927573, 894355, 118985, 479555, 369767, 916008, 900460, 479007, 776040, 268186, 186032, 405145, 906135, 297572, 916575, 418840, 919784, 971018, 318354, 115626, 396123, 417910, 195006, 758444, 108611, 135751, 567258, 165988, 546404, 394295, 800412, 246077, 504222, 204733, 320754, 707914, 679857, 811725, 865121, 166199, 316562
244145, 207703, 301991, 829639, 104508, 931239, 378600, 604615, 327730, 519815, 224789, 688050, 342499, 566590, 230707, 175976, 420486, 476174, 999469, 772045, 521937, 435703, 767790, 819124, 556767, 326396, 920606, 566168, 498674, 997446, 427237, 759355, 767654, 154688, 160529, 958225, 588831, 613263, 157928, 523500, 148327, 616769, 386250, 496115, 996320, 240876, 147050, 312845, 659830, 514794, 101221, 747037, 601091, 570755, 141156, 820945, 925849, 825174, 758315, 498034, 237609, 184404, 224767, 684359
625464, 237958, 890378, 830982, 407968, 766942, 737115, 294847, 394534, 326533, 305467, 375772, 487494, 271645, 834395, 311345, 354897, 516335, 777805, 262429, 520864, 593717, 131207, 805168, 628741, 328074, 976119, 890566, 907397, 733052, 491147, 869268, 465809, 160068, 128955, 869157, 931935, 782621, 603074, 578978, 758646, 741155, 147935, 136641, 827141, 356538, 916595, 336503, 684559, 291428, 118381, 478098, 492431, 649593, 374952, 384471, 780659, 755349, 659427, 590720, 906751, 828369, 712331, 629297
873043, 808882, 731616, 103348, 402750, 296005, 869924, 170998, 101399, 936099, 153687, 801990, 438901, 601585, 437315, 566649, 847023, 612188, 672555, 147129, 224187, 896262, 645766, 798000, 335986, 665443, 763239, 699324, 485625, 281918, 652220, 701618, 554194, 250519, 636233, 947149, 915220, 135037, 349779, 784525, 451107, 277986, 831947, 191132, 719824, 450284, 342873, 559148, 287362, 812731, 224009, 983954, 180875, 215418, 750194, 336118, 748956, 540650, 612441, 631251, 886038, 506379, 749170, 568483
231901, 234320, 682685, 815688, 112318, 781460, 619626, 975309, 120671, 135657, 360727, 663148, 143141, 171632, 809812, 746555, 527332, 829040, 483603, 410112, 663512, 188761, 130570, 526683, 596048, 606295, 779528, 781727, 566262, 823632, 667240, 274520, 739557, 742128, 649614, 782582, 333945, 244028, 891102, 368656, 785337, 115966, 641240, 576052, 253625, 275684, 401649, 422396, 688536, 311147, 836344, 837531, 299213, 773047, 482989, 227929, 896102, 914297, 296630, 419623, 882880, 586759, 168968, 356712
383917, 287010, 599508, 308198, 799589, 277029, 368225, 575378, 254376, 105232, 598597, 277901, 681528, 177791, 700864, 656882, 908863, 470690, 144433, 959959, 642111, 306481, 788944, 265288, 939444, 921627, 141212, 427258, 581980, 307256, 141390, 587027, 306954, 652605, 297196, 470495, 253937, 626183, 910349, 707275, 131251, 581908, 372825, 596317, 289614, 949851, 166396, 380675, 402700, 150515, 199631, 390776, 511566, 935768, 783203, 584499, 483335, 841153, 139157, 252757, 586213, 278757, 854591, 844647
177440, 556179, 551619, 622145, 264085, 608677, 501890, 160257, 195548, 383952, 436629, 435918, 363357, 528407, 172572, 694270, 767161, 658000, 577400, 980159, 954640, 378820, 798854, 325603, 658698, 138038, 247430, 988278, 439332, 372741, 157729, 342571, 677501, 622671, 264103, 510459, 193412, 151904, 535218, 766736, 262813, 369153, 683516, 713967, 539683, 779782, 652019, 909286, 745586, 802406, 233958, 175403, 326267, 734774, 828247, 763170, 543593, 700522, 593605, 719285, 800750, 183460, 789506, 907737
388548, 602910, 638511, 908943, 242034, 996238, 920749, 296331, 236896, 973571, 873120, 814881, 441680, 226117, 204953, 925765, 520805, 843602, 859915, 154813, 700254, 690194, 989189, 239079, 938077, 451412, 893861, 940880, 269948, 373779, 991481, 724359, 722136, 567654, 763173, 584041, 752977, 651268, 501387, 393338, 822329, 458869, 302237, 765420, 323494, 150273, 736552, 162040, 771612, 975420, 170809, 229102, 785582, 240694, 352639, 418681, 998744, 367008, 965038, 176395, 976008, 966639, 383764, 729186
438092, 382840, 481226, 119849, 368999, 868570, 819161, 741052, 456088, 518582, 778442, 862792, 485578, 406900, 640600, 242063, 205499, 253195, 719122, 819644, 166383, 794583, 442664, 374743, 197908, 973800, 154715, 528777, 520287, 486943, 354636, 259365, 351847, 248264, 115635, 425560, 632472, 273851, 406385, 101117, 923574, 867037, 528407, 733445, 449353, 355058, 698262, 338578, 102157, 915712, 694666, 435863, 289130, 229092, 518600, 190583, 570804, 300116, 724940, 251065, 543528, 451411, 222576, 923969
302706, 991921, 513987, 189113, 711409, 767722, 959811, 991733, 363656, 270223, 828348, 632706, 667410, 143543, 373927, 544793, 242061, 436747, 774463, 441988, 162055, 423935, 372059, 184255, 405392, 865043, 161513, 675654, 527688, 954582, 527674, 538417, 561425, 199397, 434020, 833732, 289060, 742498, 741353, 665057, 952046, 584645, 383486, 607265, 705218, 438230, 691663, 905807, 506114, 549247, 211708, 375625, 430262, 441955, 833493, 171599, 487575, 560673, 645362, 803888, 813582, 433827, 183649, 602934
117651, 293176, 142205, 598425, 598137, 928662, 461628, 638226, 703497, 269303, 370307, 157312, 706720, 764488, 562503, 230975, 939238, 291335, 399879, 472026, 370484, 261305, 693974, 392454, 829441, 483407, 599834, 536809, 115871, 981211, 865822, 959157, 646177, 307101, 877967, 621630, 672423, 737495, 708081, 826385, 705662, 554889, 374399, 964493, 930672, 545228, 960096, 830602, 372470, 812482, 717467, 998794, 886494, 534533, 227003, 449942, 489275, 585166, 347359, 390416, 428627, 993914, 213253, 830075
708168, 808180, 518186, 442680, 950600, 907355, 949186, 477351, 665760, 873535, 297721, 950663, 333329, 433818, 180612, 873128, 255596, 922584, 356958, 761731, 758599, 113531, 365870, 739188, 303710, 362691, 149231, 945195, 187399, 761415, 739301, 726716, 326183, 783978, 184813, 143346, 220346, 196463, 655859, 346233, 589113, 361815, 228977, 262845, 123789, 883205, 361091, 213368, 779506, 954619, 360374, 385348, 495786, 834435, 916500, 969229, 410814, 940353, 771785, 118423, 554224, 206375, 217255, 328975
666571, 533280, 611683, 673595, 160648, 323306, 272828, 575697, 865595, 818533, 405173, 118490, 697509, 213717, 531172, 666986, 804804, 308192, 414526, 275067, 179823, 577124, 999680, 977767, 740051, 772703, 431589, 520028, 628211, 129349, 860758, 783952, 700594, 526904, 247238, 503011, 653309, 669408, 636253, 862845, 912631, 205976, 828798, 997388, 510316, 341866, 583614, 773193, 610758, 164523, 987993, 542430, 251831, 911270, 428111, 151593, 556349, 219792, 726331, 828493, 137098, 315923, 697137, 538817
