143121, 830396, 827173, 534253, 744243, 415960, 873243, 827815, 376375, 312587, 876055, 655042, 493207, 301183, 808421, 146011
706716, 250389, 712825, 475508, 788617, 221678, 341403, 138633, 589447, 192957, 737995, 921785, 934131, 776228, 388869, 804198
527125, 736138, 308068, 160362, 464980, 538496, 554866, 762327, 855406, 950948, 335168, 824025, 971565, 187304, 944012, 520342
862729, 493676, 473046, 551095, 400032, 435457, 711867, 739678, 941998, 656661, 270875, 229342, 418204, 697605, 681343, 310972
425998, 203344, 255236, 634961, 227489, 290227, 994581, 408802, 506907, 830796, 352550, 459201, 620666, 496973, 142313, 425749
276862, 612866, 820998, 497746, 537505, 778207, 517070, 788863, 575549, 724627, 736835, 260197, 128323, 414300, 481882, 543684
948491, 690682, 381257, 223336, 508205, 101802, 598581, 804131, 778141, 556654, 298496, 767928, 377711, 105993, 359253, 102644
386770, 813344, 947038, 254863, 543719, 697249, 732227, 638124, 763931, 741091, 281282, 242941, 167285, 743691, 910387, 726700
934001, 335019, 987698, 793378, 587668, 211699, 977707, 898580, 438021, 362671, 584460, 539803, 965019, 202821, 148920, 469006
726423, 149294, 895097, 183887, 377897, 169408, 886453, 845276, 171705, 289006, 289858, 316247, 689260, 622639, 844842, 758589
515181, 846920, 461309, 249309, 572012, 136633, 269216, 149338, 679423, 227990, 358991, 787250, 596407, 482327, 844586, 709441
661437, 489160, 389832, 257662, 969280, 856924, 913797, 225537, 295068, 644065, 601025, 497204, 647845, 673343, 907427, 856987
572676, 181325, 933322, 503107, 808745, 853212, 892640, 165530, 527650, 493634, 999518, 841279, 151310, 388289, 822078, 793500
310882, 961826, 546908, 846403, 956643, 388117, 952652, 236898, 299746, 704201, 723976, 479180, 521336, 538385, 964479, 294123
941679, 198619, 978147, 946684, 157913, 268351, 292304, 461641, 877310, 460345, 286279, 400789, 679707, 923805, 222113, 847107
645589, 322682, 509004, 877436, 700335, 644022, 534372, 283419, 483344, 659847, 585787, 889354, 318036, 734260, 585772, 981300
