249114, 556565, 242953, 463540, 777766, 697494, 289328, 292388, 214801, 398647, 993103, 553098, 317276, 379838, 121884, 402113, 864282, 100476, 778115, 502241, 634245, 388834, 333105, 975775, 708148, 523281, 917157, 963344, 319497, 566246, 791611, 815494
116776, 916396, 345055, 550255, 424003, 436460, 936189, 123896, 903731, 940565, 389705, 118085, 962630, 832000, 780094, 387873, 456513, 722100, 688563, 356370, 617519, 640652, 185482, 527483, 507428, 485309, 147031, 878409, 629761, 998293, 555665, 757369
259658, 188519, 497613, 175494, 590216, 449702, 968308, 779239, 617569, 177279, 562763, 473163, 225697, 499061, 482178, 583613, 856415, 309348, 458389, 504219, 679494, 593437, 981139, 245883, 827196, 456326, 129548, 241366, 295984, 874683, 211816, 461008
414289, 586865, 408775, 229079, 153645, 131531, 706791, 913464, 823552, 122707, 646935, 465435, 792696, 609611, 832806, 238174, 812402, 828019, 516313, 481695, 815063, 893459, 938935, 538759, 478796, 815614, 310191, 526492, 374563, 951014, 797489, 281209
440461, 896321, 497576, 479798, 691288, 216265, 236999, 387860, 167152, 150830, 975400, 660172, 124741, 140821, 460352, 979020, 337276, 385670, 159049, 965538, 628495, 484830, 822045, 584445, 485736, 823680, 838210, 604871, 413629, 804745, 409248, 797925
265487, 767753, 744066, 904944, 743458, 189277, 167928, 224260, 441976, 523680, 986388, 567410, 840602, 796177, 726003, 507371, 338232, 712921, 544548, 715693, 102026, 272732, 329335, 959017, 637433, 121897, 799694, 944348, 619245, 878874, 279925, 667888
531357, 167231, 920956, 711863, 935285, 898933, 485738, 516694, 172976, 260010, 600708, 635325, 657215, 878296, 556819, 313693, 818754, 120163, 950182, 871051, 822591, 975776, 121786, 746905, 920080, 385813, 355099, 363035, 501921, 206414, 628969, 693961
936117, 728451, 116001, 681991, 452301, 596837, 852083, 647474, 196119, 251445, 552383, 657661, 898525, 372205, 569304, 817047, 287941, 913986, 988858, 846056, 444806, 120327, 187526, 700899, 954052, 333922, 758549, 651113, 412696, 471168, 834056, 724723
155517, 451758, 572472, 656601, 420148, 964083, 266914, 470871, 126319, 971577, 135833, 205141, 987696, 404165, 781459, 671426, 773493, 686316, 978362, 397325, 659596, 204021, 579315, 566401, 429977, 128961, 341354, 319315, 573038, 789267, 625800, 349828
387680, 641861, 147252, 133966, 363592, 908962, 492736, 712522, 285296, 907668, 941050, 489109, 440754, 862010, 356406, 258820, 693113, 510970, 443497, 748221, 368232, 810514, 889615, 576177, 910697, 284938, 669819, 195085, 697301, 824045, 958501, 693902
424795, 319460, 965333, 763394, 829781, 798229, 925684, 815493, 102285, 945811, 643798, 371747, 625358, 884723, 970651, 368053, 393501, 591871, 196148, 846282, 134510, 495894, 680237, 477058, 587748, 307982, 430737, 478713, 167428, 535878, 239832, 637925
664186, 212445, 466680, 655930, 816058, 187634, 830996, 662666, 797987, 446013, 120760, 797825, 625418, 830581, 900323, 544864, 749580, 301687, 271901, 475431, 197082, 424734, 912570, 672182, 629891, 851734, 108722, 673982, 714677, 757828, 958914, 212725
134668, 496735, 255449, 724548, 536598, 729988, 963377, 896187, 610091, 515182, 737146, 908812, 558349, 292706, 786429, 991075, 688940, 605001, 101075, 300919, 941898, 725760, 752118, 812872, 799982, 223770, 191336, 700599, 246933, 973326, 284455, 162553
730212, 730392, 462006, 871744, 863815, 582569, 289768, 904304, 786326, 574127, 723138, 498617, 715339, 242635, 378822, 939596, 853441, 710942, 126695, 431213, 317129, 956544, 657431, 279880, 250541, 550507, 690329, 833792, 793183, 378850, 568818, 709239
637396, 840178, 179032, 419373, 480482, 189313, 650057, 206674, 600316, 606736, 201082, 914973, 201878, 863406, 298590, 233417, 984708, 561483, 662557, 642574, 524455, 854361, 215503, 959091, 849952, 699473, 572167, 208928, 771339, 709066, 392957, 344683
478891, 675085, 675435, 522677, 508251, 654914, 945335, 772446, 578448, 643554, 486376, 553388, 834305, 401227, 103996, 304897, 943683, 285844, 197256, 773910, 827938, 508426, 783220, 563343, 596689, 926137, 247779, 398075, 707135, 951021, 670801, 537477
501604, 983978, 861618, 281538, 599348, 225280, 173381, 924727, 549467, 952694, 513046, 211512, 616530, 350728, 698437, 240304, 107815, 595803, 952800, 707070, 417394, 240406, 582348, 296434, 384346, 328125, 959913, 490391, 630024, 998193, 866672, 714623
448825, 278430, 940401, 938492, 613414, 390092, 305500, 800586, 414213, 967633, 325457, 999462, 244794, 418796, 179935, 924659, 173968, 336279, 289667, 704222, 980446, 808380, 348198, 456770, 265941, 496285, 642882, 838860, 408316, 411353, 404401, 672882
119528, 984666, 482423, 637715, 484524, 541234, 327668, 134997, 211738, 835506, 402226, 427797, 939153, 355619, 839295, 662528, 694616, 956157, 367230, 698136, 314241, 540578, 424765, 347115, 838786, 661329, 889230, 115609, 423922, 341783, 632830, 360181
849462, 377537, 761504, 444540, 569867, 716268, 575810, 362858, 892266, 306642, 435692, 179044, 391014, 494720, 182962, 682649, 923934, 209856, 795748, 265299, 206217, 272617, 507753, 340017, 933399, 886033, 313703, 597318, 542427, 568581, 201210, 555396
298385, 582846, 798530, 880170, 770119, 346378, 977105, 117179, 338552, 719808, 249308, 791566, 101552, 229745, 786852, 205350, 528998, 625397, 266795, 134013, 891288, 475153, 715491, 673415, 485313, 878442, 211426, 360459, 440825, 256176, 974837, 995929
232725, 683880, 911507, 516479, 398605, 898341, 176221, 916372, 216853, 573926, 591324, 734329, 605552, 116314, 928885, 473152, 338796, 234241, 700497, 142038, 628891, 695143, 325421, 838930, 824145, 881437, 512341, 537298, 224930, 337152, 785580, 324830
565488, 658867, 151499, 355513, 248516, 273202, 982977, 981442, 716091, 647544, 935065, 143851, 950314, 914230, 145736, 653189, 568889, 396323, 273262, 873567, 470565, 386806, 142721, 410664, 224172, 772970, 159014, 209134, 466044, 179964, 664557, 819171
850407, 902902, 821424, 770540, 703234, 304229, 191367, 588913, 782773, 261592, 773195, 530503, 144565, 860163, 889539, 861838, 426767, 164654, 945649, 253162, 642335, 609659, 705156, 939346, 699849, 353343, 776290, 650560, 681048, 129533, 249253, 176024
642819, 350378, 682078, 316426, 997900, 438850, 134328, 899528, 291821, 842621, 459079, 199432, 889562, 153878, 440521, 397878, 221283, 941509, 434134, 370559, 110686, 875951, 372427, 882200, 119875, 246139, 727107, 471513, 933927, 909184, 286515, 904355
785642, 134880, 940938, 392370, 367023, 875927, 205880, 896658, 484905, 826162, 365077, 549843, 790539, 507745, 646772, 812156, 392854, 228849, 562163, 937013, 434624, 349749, 453695, 313876, 763110, 593504, 238592, 576848, 958939, 491486, 261886, 939313
549930, 575530, 575824, 989290, 310806, 675130, 555016, 469905, 852523, 476484, 407364, 248288, 613654, 452385, 236979, 993786, 428475, 168302, 396213, 910673, 890702, 972201, 486437, 630230, 514676, 761907, 790524, 859549, 964838, 849692, 794760, 786810
867132, 557580, 476399, 426399, 746916, 899635, 920442, 915078, 256243, 871962, 472538, 332450, 634733, 164445, 361829, 576685, 729862, 990669, 956444, 244063, 589054, 606699, 452749, 727742, 714940, 611203, 655059, 578200, 855093, 843444, 514252, 834473
615949, 326194, 284618, 105076, 954658, 398931, 513877, 238444, 799461, 907804, 816966, 395279, 204181, 673476, 272079, 782726, 148938, 455397, 632842, 472450, 567328, 330095, 997338, 974937, 378838, 565405, 168080, 988895, 795592, 289425, 284669, 326926
602557, 945889, 512427, 987578, 616252, 932682, 553089, 614575, 149911, 294843, 721009, 116034, 220787, 174414, 855276, 319459, 547670, 332987, 433218, 312128, 952191, 212411, 536859, 114057, 224023, 681746, 533436, 301142, 919547, 815747, 310025, 764609
961747, 135620, 446941, 301672, 825660, 725992, 692022, 935063, 319003, 776266, 592698, 463803, 681356, 670453, 223851, 992327, 101635, 163819, 138563, 799971, 676411, 113283, 349170, 962041, 432426, 816665, 916358, 864859, 530400, 776615, 908307, 536905
717709, 810224, 391212, 632603, 324193, 605118, 554414, 693561, 369236, 590612, 292279, 492717, 200767, 341253, 623473, 825710, 688670, 233855, 317966, 327882, 973060, 282798, 501857, 313196, 834790, 727959, 677779, 907339, 313480, 723004, 449084, 239454
