451167, 999274, 705895, 157168, 932118, 494941, 664209, 133398, 278967, 230987, 967058, 397395, 365944, 796606, 334956, 337767
156708, 305025, 947508, 434678, 868590, 119260, 999538, 425678, 950426, 832059, 376118, 272085, 732188, 651883, 214857, 825613
853206, 369586, 420722, 626424, 871358, 195215, 567922, 468196, 298689, 271971, 428462, 399043, 343340, 179349, 469798, 750049
236504, 341563, 601877, 928066, 432148, 949885, 198710, 278068, 651624, 734540, 199329, 499649, 257971, 699540, 928576, 533628
537387, 703647, 355722, 516110, 520441, 605683, 499781, 706555, 543463, 464466, 630243, 948898, 228570, 839259, 807191, 804462
226779, 430356, 258250, 856961, 656571, 520517, 403532, 122140, 327902, 574953, 939282, 287048, 856411, 807720, 193783, 695076
846074, 390895, 855770, 147297, 998807, 634276, 483670, 219833, 288758, 550463, 553295, 230160, 466429, 349058, 500354, 892158
267587, 616669, 115281, 275397, 440956, 883300, 738828, 488481, 545427, 140096, 533860, 768794, 970042, 933616, 389510, 236937
585934, 382951, 750692, 463967, 512968, 535666, 324035, 417938, 226674, 161890, 629176, 517087, 613652, 782114, 650076, 257201
997108, 995849, 211085, 710114, 735684, 590642, 475824, 934724, 442408, 444229, 277652, 971759, 153275, 213230, 222563, 243034
938647, 383359, 963934, 572565, 136641, 998513, 665691, 183541, 542662, 173369, 309767, 901057, 735689, 207994, 492715, 516166
505898, 228548, 670114, 783803, 233156, 616171, 117662, 479651, 141131, 859174, 698488, 755282, 944751, 331544, 807526, 813589
171785, 653363, 349559, 432703, 877840, 467699, 368716, 914739, 556752, 461840, 238206, 157807, 502436, 138303, 285465, 237794
556115, 100312, 591224, 843506, 870004, 162950, 834746, 630439, 363787, 580678, 961243, 793712, 666971, 804703, 735810, 857185
326458, 292379, 914621, 535090, 347799, 846518, 280103, 258249, 567309, 520026, 465514, 542400, 723617, 434270, 489411, 220157
306450, 273779, 833468, 254100, 158504, 197392, 992117, 588505, 258676, 973762, 208315, 736485, 642571, 752073, 831501, 566132
