597103, 479301, 578644, 271938, 985454, 729310, 973970, 328335, 153226, 155242, 540626, 219965, 845042, 948744, 383540, 968446, 295690, 929327, 738420, 275959, 781271, 262825, 138715, 384579, 290633, 742184, 645190, 565015, 267664, 181164, 150292, 281498
794402, 618414, 514077, 378352, 275767, 338487, 455855, 318496, 806276, 827174, 319660, 845821, 717209, 251803, 338065, 781614, 766199, 499979, 783701, 587929, 859221, 201429, 872310, 694357, 823130, 999133, 354796, 704656, 691169, 257436, 175612, 634684
422069, 989172, 882874, 476090, 436647, 103406, 910596, 151422, 174436, 161279, 643111, 989229, 927336, 561069, 388547, 437084, 940327, 735065, 723147, 403410, 140906, 297803, 637747, 261550, 485741, 461618, 339279, 293170, 444001, 118233, 781037, 340401
950507, 487553, 974397, 802885, 316808, 604604, 288745, 636517, 506765, 321548, 739790, 347804, 825120, 371634, 105636, 872605, 689298, 104465, 653312, 470975, 160647, 179744, 549411, 809330, 449839, 341666, 107860, 603807, 220305, 623960, 301231, 629227
943555, 249872, 793564, 306151, 708131, 751237, 431799, 818633, 296171, 651011, 173252, 825311, 492660, 150975, 516694, 149236, 829561, 177824, 978489, 786417, 663946, 348038, 195755, 290273, 704792, 865394, 139465, 199363, 427699, 701019, 610182, 679107
958359, 848965, 149983, 164018, 927894, 428194, 952381, 979010, 153586, 736949, 349245, 353355, 365078, 546264, 958175, 131646, 689772, 633403, 663791, 548225, 989468, 508636, 585399, 717455, 864124, 419770, 237149, 151280, 389406, 886312, 235212, 935936
782221, 599382, 100234, 740813, 692638, 480311, 726028, 339729, 126767, 466241, 919559, 252713, 400508, 234971, 660696, 118474, 411522, 809734, 268235, 856624, 368664, 947637, 345330, 547379, 344155, 360291, 214971, 744302, 351189, 474015, 429332, 277033
566130, 306167, 672729, 772683, 910537, 226545, 703788, 530160, 833962, 360825, 456638, 302467, 157570, 251194, 636471, 273584, 135651, 873075, 501331, 562105, 986636, 483217, 115480, 773672, 402819, 339131, 214762, 631146, 662561, 271492, 480627, 161862
807403, 795351, 866143, 362898, 316090, 480449, 835739, 674734, 708880, 528982, 310455, 349639, 554682, 815818, 833521, 128601, 672792, 272350, 557501, 458149, 275775, 985482, 930782, 857235, 462858, 993742, 894691, 483693, 867786, 401835, 323413, 622982
676079, 932420, 509509, 425687, 408813, 407377, 623408, 583541, 767865, 600892, 323609, 237107, 633508, 631915, 512755, 779432, 389039, 724655, 185886, 525538, 498599, 676796, 790666, 349319, 425074, 323049, 350099, 499537, 522672, 375168, 442086, 680557
697698, 141403, 444463, 378338, 781825, 608837, 519502, 266192, 502596, 855927, 101486, 274166, 624972, 750162, 466668, 929043, 767605, 108994, 618702, 604774, 438860, 150163, 902922, 810312, 535829, 282135, 319404, 107463, 120640, 161545, 334853, 502968
167587, 249876, 114953, 464362, 999463, 250403, 686214, 660260, 417600, 129129, 680725, 206017, 674179, 289315, 888659, 977628, 496038, 837721, 253936, 234515, 171543, 990031, 296284, 806339, 534002, 833134, 969718, 849249, 219287, 658513, 636097, 611483
730198, 148373, 611664, 249974, 402079, 437202, 253668, 960068, 740743, 440074, 301223, 916790, 719642, 477739, 477015, 549704, 783987, 442874, 114295, 200965, 499126, 704932, 961486, 446439, 771688, 229145, 278342, 745811, 632500, 146240, 889962, 405025
817330, 246275, 517355, 727822, 416859, 312258, 764045, 972701, 139631, 977329, 688041, 507046, 891999, 549883, 370227, 181306, 215555, 881864, 637206, 877112, 912544, 295681, 337584, 278957, 504043, 286855, 751857, 193524, 490326, 661697, 734913, 212042
209214, 488164, 520005, 706101, 882456, 491191, 409086, 682437, 600298, 458101, 477799, 440263, 287253, 729654, 349162, 702949, 965089, 535984, 419504, 179063, 512475, 908698, 992600, 288965, 718573, 566732, 460020, 796850, 737875, 332211, 384399, 735259
356392, 997341, 167038, 554292, 472859, 185573, 262782, 119493, 658959, 217488, 718323, 927960, 843252, 210858, 131135, 939249, 639469, 160130, 679171, 865468, 850570, 804113, 475269, 778025, 713197, 378603, 465996, 228482, 187884, 137289, 497757, 868750
980715, 356305, 401788, 607134, 193676, 213332, 573336, 807836, 501789, 781906, 341057, 824683, 995113, 650663, 854732, 564696, 390058, 523982, 857256, 875361, 979923, 803023, 385486, 998635, 422146, 138760, 704177, 521707, 353622, 463323, 986255, 336912
424674, 710437, 135864, 521928, 268208, 165118, 305643, 708526, 161842, 752485, 655015, 743625, 648216, 257098, 651385, 994603, 375290, 272543, 468114, 283861, 740842, 296606, 464352, 391253, 163541, 648499, 873432, 978541, 885008, 110521, 917987, 717455
285536, 662573, 792182, 501384, 121843, 834078, 813810, 811328, 689415, 156425, 321431, 146755, 967784, 613023, 871388, 390551, 543502, 216323, 376666, 935818, 620677, 751138, 537747, 357423, 420863, 723566, 580278, 241226, 540487, 554296, 896687, 977655
615966, 204739, 583635, 504681, 494799, 837439, 691488, 993833, 876894, 687396, 195416, 563815, 803223, 266894, 467543, 989291, 507445, 562923, 582028, 409911, 904147, 255289, 856992, 362643, 352071, 619245, 604782, 160927, 652482, 845781, 664191, 826787
743887, 650300, 726571, 338748, 355197, 496682, 267107, 489154, 867356, 430765, 960556, 617123, 434396, 511692, 296673, 465948, 409463, 519294, 806230, 994904, 593490, 818297, 588650, 850581, 714525, 764414, 707423, 538708, 786578, 722413, 882426, 481307
110113, 210143, 472497, 672870, 825057, 160534, 506017, 504934, 666605, 311569, 720882, 749123, 408357, 590047, 659960, 653574, 231575, 511780, 532469, 439254, 378501, 878899, 798128, 662999, 415787, 644630, 707050, 889464, 328757, 106376, 911358, 871243
750273, 839303, 139633, 492017, 276699, 909680, 164104, 656054, 305519, 326955, 334760, 707412, 541522, 333077, 275545, 962835, 209179, 182614, 141018, 598975, 468717, 862462, 489751, 620463, 790207, 525798, 381751, 828084, 512290, 194827, 612312, 387738
550365, 326606, 657511, 479150, 115565, 303124, 924868, 555686, 610574, 882336, 439411, 774886, 115656, 616782, 771359, 429313, 337028, 542255, 643120, 545517, 213909, 832327, 378973, 973551, 124567, 345105, 448452, 886237, 695459, 694326, 481769, 723471
759786, 837493, 851494, 184004, 221918, 621478, 646536, 917748, 513143, 742939, 440236, 842115, 599854, 736407, 902272, 127575, 613297, 912996, 665143, 689762, 192552, 591679, 764970, 548017, 793050, 601495, 795790, 889343, 935012, 234100, 999921, 677390
622316, 989650, 907125, 840517, 309921, 802731, 992222, 955611, 989629, 448426, 998581, 952628, 944956, 390889, 703435, 457900, 994252, 655510, 378055, 243037, 603706, 574520, 197043, 267729, 352925, 433367, 490267, 340872, 919552, 612727, 459535, 570257
662497, 974750, 765739, 936266, 753499, 742416, 113119, 427666, 334471, 567594, 752919, 759244, 901103, 119216, 352110, 720427, 334768, 273889, 214873, 647673, 290717, 936318, 343030, 751670, 524871, 103517, 769932, 850503, 210334, 738232, 684319, 221635
106354, 166483, 637904, 911641, 172831, 702389, 377230, 991437, 101432, 514336, 400487, 271674, 795261, 341916, 528734, 730919, 232318, 894823, 666776, 807431, 111804, 410120, 475751, 478936, 833895, 860907, 634799, 831167, 554118, 954002, 237051, 518580
149558, 362942, 491824, 274330, 528279, 261632, 850504, 786101, 818340, 188592, 472807, 382816, 964422, 178564, 793359, 910555, 203306, 506099, 980376, 839007, 596695, 881207, 508675, 611705, 492357, 206182, 825969, 679238, 872382, 969754, 345293, 401005
241618, 735719, 451843, 694000, 877678, 667351, 349134, 642194, 869385, 620052, 690791, 887402, 389626, 202581, 537326, 351442, 107299, 332398, 716295, 566672, 588256, 345777, 140082, 226274, 656678, 541474, 670691, 922081, 936775, 780696, 378184, 667228
465491, 512141, 967951, 847059, 668734, 257092, 903027, 162674, 809047, 409011, 587174, 292987, 830289, 545407, 230904, 868608, 792328, 606825, 783122, 562378, 530419, 803106, 183472, 655406, 543193, 448717, 609526, 769783, 833623, 776321, 557429, 875138
549789, 267076, 642305, 348042, 907605, 653059, 766682, 222664, 207730, 559378, 189133, 618324, 387839, 262435, 981361, 314623, 607271, 298973, 573769, 722070, 979669, 873468, 576266, 230205, 805027, 148487, 414689, 235975, 858160, 821393, 298864, 722779
