472313, 918823, 285118, 433973, 196316, 150365, 703115, 287322, 342567, 836631, 294141, 855897, 611102, 559297, 492280, 151194
488275, 180295, 118326, 109919, 426826, 779475, 352737, 389020, 665397, 767582, 555578, 906190, 153982, 280522, 757113, 915879
936496, 119214, 424696, 905128, 624728, 315418, 378340, 228959, 361680, 111537, 573959, 957797, 962993, 811258, 844451, 861503
692545, 106311, 354337, 591528, 901059, 640109, 180229, 953717, 907538, 820056, 409151, 899112, 748636, 937963, 558211, 332047
152827, 244364, 561619, 516637, 446116, 384932, 478516, 909630, 391973, 638920, 595694, 103470, 610926, 365133, 704224, 657714
511387, 256454, 562928, 433528, 253034, 230762, 836458, 549831, 171806, 934906, 683236, 878206, 816599, 226808, 670297, 383518
515133, 387341, 901236, 887091, 887905, 612252, 384913, 174181, 720372, 778264, 483285, 699952, 164702, 421528, 607295, 201058
634885, 886748, 187484, 982562, 504082, 541669, 872713, 414075, 814751, 876063, 917938, 501189, 555620, 926991, 213421, 307230
940423, 955102, 955671, 414363, 805390, 506640, 882298, 557529, 810728, 908568, 166689, 754161, 192894, 927097, 230824, 684391
527739, 367666, 701916, 420514, 270467, 459093, 998967, 327708, 905424, 117936, 112139, 240183, 158361, 546723, 932966, 243567
335455, 649228, 227260, 537659, 733360, 997600, 558289, 466585, 803342, 781782, 380861, 551098, 958619, 902190, 921092, 463598
417423, 641887, 356684, 943175, 640946, 429803, 821646, 657384, 127681, 692220, 158686, 805396, 212415, 910910, 425532, 435392
589631, 318409, 305267, 199346, 967688, 270357, 308900, 527533, 423817, 722836, 236075, 939151, 236506, 622977, 705429, 244531
667066, 264465, 578406, 904243, 677287, 667653, 185666, 770479, 647795, 849112, 580688, 157355, 647335, 401236, 748914, 189888
358793, 418358, 965216, 959523, 826408, 314305, 423390, 331850, 592834, 435910, 339403, 890548, 499297, 793884, 302072, 346055
655501, 630250, 478823, 386349, 885827, 500249, 796140, 583324, 277442, 480092, 503716, 877761, 119851, 397771, 634932, 996504
