471818, 378876, 956145, 847295, 827130, 690470, 722079, 947227, 270014, 722975, 518596, 123350, 297400, 436643, 676669, 601355, 421072, 466798, 383490, 858447, 245514, 789545, 592073, 663590, 173735, 261557, 343628, 847538, 312600, 296991, 657553, 575086, 269388, 414578, 321996, 322814, 835422, 260990, 747102, 601933, 813713, 647709, 423370, 117810, 857663, 606532, 204412, 869536, 130222, 988075, 110997, 672605, 837995, 448994, 284340, 667536, 830162, 840837, 599460, 898565, 134518, 510225, 423834, 333048
939494, 809503, 296187, 586507, 348970, 831258, 734037, 632155, 398946, 909108, 968456, 466596, 333001, 441746, 284575, 235440, 675268, 476024, 471012, 534242, 165785, 877548, 771443, 434975, 378717, 642635, 903066, 929982, 504018, 518674, 902844, 252606, 206014, 669667, 425146, 900613, 410556, 726603, 389116, 537498, 806367, 128483, 666182, 151046, 755044, 137406, 570655, 554740, 226365, 340695, 963411, 791810, 403813, 474308, 398390, 414292, 618402, 876966, 134663, 488457, 810264, 839710, 316608, 335215
659605, 582539, 132126, 647153, 810668, 456230, 181181, 176787, 445621, 239287, 194063, 601205, 970434, 234794, 645791, 871454, 901482, 738356, 126553, 168172, 311816, 477109, 188439, 406810, 538882, 928321, 995555, 261706, 160269, 941645, 484963, 608502, 833022, 454184, 751229, 861254, 160749, 356869, 124430, 252450, 270990, 690766, 633657, 804327, 820328, 614049, 649463, 777125, 621818, 147085, 438466, 799127, 969415, 626845, 610591, 240011, 260814, 226768, 385323, 352241, 177055, 362128, 613359, 326926
525394, 612067, 626652, 628729, 488147, 568503, 389463, 485871, 393544, 908719, 822157, 181907, 328396, 453444, 164868, 718216, 748726, 559716, 135625, 272164, 351312, 325877, 523702, 354868, 339167, 424396, 516975, 215157, 210512, 758141, 488209, 317031, 136581, 433717, 507902, 614930, 748870, 819960, 460231, 209031, 137439, 556323, 480203, 386869, 695359, 856442, 985682, 725402, 587732, 964001, 925572, 700208, 863254, 974291, 428438, 879206, 534556, 131532, 995853, 191318, 534901, 185463, 456870, 511652
725033, 136153, 264486, 584431, 595724, 585306, 528754, 173553, 730416, 779607, 697641, 264979, 735025, 933916, 576746, 731427, 146342, 656064, 577950, 345799, 830710, 580574, 537870, 426686, 792760, 901400, 666538, 271501, 117846, 374791, 443469, 605183, 450268, 699096, 759466, 754035, 261496, 166160, 684781, 402694, 833329, 819383, 674730, 956953, 374315, 494057, 984062, 953943, 455580, 631278, 495780, 957520, 333882, 158170, 566344, 676281, 129872, 759717, 549292, 101024, 547061, 193386, 558106, 892074
688823, 236872, 927207, 250083, 110345, 343831, 416355, 498035, 426796, 953550, 872346, 614125, 227363, 670562, 198419, 741048, 568199, 935685, 143371, 191279, 838644, 859225, 738212, 897540, 871932, 604586, 700183, 998181, 850674, 171345, 236892, 407622, 632137, 317148, 273691, 816251, 147743, 482871, 282644, 226019, 881052, 991598, 950686, 711260, 846658, 226851, 803741, 437127, 973255, 812333, 404205, 719038, 334644, 360272, 889228, 235850, 391973, 186176, 205076, 295713, 702448, 856141, 364117, 373424
227742, 913390, 254760, 716690, 309277, 683297, 874982, 782773, 720866, 726801, 737925, 359752, 675001, 275068, 422019, 460862, 940725, 666004, 537857, 649218, 318164, 554367, 924573, 475569, 222625, 812574, 689857, 125344, 217647, 409625, 951665, 823214, 643061, 917620, 419691, 874244, 773945, 417992, 267719, 244828, 942205, 968455, 563228, 996958, 698723, 385257, 652433, 965071, 713424, 646798, 992076, 319140, 294956, 777682, 869518, 791084, 961268, 222843, 474185, 687905, 771985, 835237, 708276, 682221
539002, 410996, 574135, 151728, 879090, 536331, 372313, 639036, 540952, 799147, 536122, 662043, 897459, 457294, 718793, 738368, 196399, 214573, 810143, 149259, 355803, 896560, 246745, 788482, 854908, 557479, 521601, 329169, 940951, 609927, 712671, 398421, 630625, 578637, 317503, 510737, 764101, 801149, 262435, 194705, 288423, 220118, 244251, 527581, 528922, 725141, 397626, 259134, 869477, 784744, 641476, 178830, 275829, 896425, 827655, 634117, 951293, 659885, 338555, 212260, 922270, 495165, 290811, 187351
967594, 756279, 336523, 706255, 211072, 505086, 797752, 732845, 462456, 544861, 347235, 446442, 853952, 586976, 261336, 727276, 230227, 879090, 148914, 635319, 149376, 168848, 107799, 648215, 568194, 528649, 476447, 500695, 946196, 505595, 347887, 138423, 928593, 932757, 312033, 179525, 125713, 990873, 572505, 708861, 282098, 309704, 447738, 863355, 142786, 753194, 390244, 400758, 699295, 830965, 871413, 186840, 178236, 979724, 755586, 617822, 953011, 416640, 495636, 112599, 832299, 850312, 523681, 994983
637115, 455439, 633066, 520628, 413251, 632879, 949714, 401342, 478924, 406680, 264764, 489978, 946983, 465533, 223892, 572274, 987706, 155271, 984536, 345768, 307346, 575936, 978552, 598590, 497248, 872099, 692513, 753227, 117505, 353259, 291940, 836035, 482935, 896839, 182439, 970736, 198226, 494455, 922169, 690136, 232144, 183871, 164346, 724816, 274492, 810311, 613364, 593014, 534576, 830890, 652871, 856544, 968574, 953909, 908861, 171324, 254516, 367248, 752932, 867586, 260379, 446281, 425947, 603957
281762, 421485, 843847, 994810, 900492, 848374, 832361, 828740, 889947, 933653, 447090, 685267, 537788, 585784, 174112, 873628, 154651, 365093, 792926, 647826, 981208, 116149, 448653, 280910, 992714, 982885, 188704, 287280, 281491, 248838, 797837, 621672, 613517, 642265, 999853, 372972, 627707, 674612, 420045, 562395, 435542, 559861, 512213, 915384, 132723, 912070, 378576, 699880, 956461, 817765, 494416, 833909, 261391, 778127, 208270, 999878, 993779, 402798, 755299, 895514, 372394, 604952, 961699, 863918
353111, 614087, 989829, 200368, 635015, 903536, 395124, 453866, 153889, 970250, 367526, 176061, 123424, 439318, 837276, 593228, 479809, 524566, 371602, 387572, 511276, 479091, 989833, 516151, 399222, 766640, 544670, 944652, 772284, 690620, 159163, 792424, 752385, 646387, 659987, 254459, 170367, 585930, 886893, 549564, 821135, 265710, 918270, 295591, 564976, 753436, 876085, 102273, 742884, 854462, 824147, 257178, 209244, 221695, 147249, 520919, 502920, 778593, 231695, 576059, 990549, 254786, 665220, 679354
984149, 658884, 640214, 507490, 146737, 165512, 213864, 354216, 727289, 867812, 603226, 244545, 207039, 982842, 123999, 430541, 330906, 377020, 611677, 123731, 798947, 715972, 724561, 967421, 309231, 854652, 325695, 191271, 502793, 173281, 487307, 913714, 570236, 579449, 780585, 385027, 348159, 114153, 418833, 787276, 551037, 231917, 466031, 457984, 436313, 859798, 572285, 380858, 821979, 760483, 426879, 920905, 850099, 593652, 793539, 505088, 216800, 122296, 803041, 242370, 569706, 753970, 425092, 663662
122690, 314141, 646831, 992827, 872219, 475973, 246456, 974641, 920515, 277483, 740591, 688374, 901328, 671636, 160621, 267953, 545866, 746139, 148101, 261183, 453898, 381925, 590420, 988439, 345365, 514870, 459132, 613097, 482758, 809009, 989259, 549330, 105271, 811778, 912611, 282346, 326963, 312586, 470148, 195923, 911737, 621195, 627427, 209435, 251899, 155853, 174502, 653211, 933332, 167740, 968029, 414451, 413854, 761778, 454300, 376398, 477802, 339311, 538346, 623655, 143212, 738157, 164770, 261395
241971, 911181, 338757, 725700, 354726, 781374, 259110, 959007, 573620, 197004, 623603, 851166, 116806, 451148, 709314, 728093, 457900, 691385, 744683, 477392, 610588, 156209, 605923, 166059, 526128, 535840, 754929, 993033, 810531, 905652, 611134, 164881, 948344, 277212, 732258, 903863, 202596, 936787, 899603, 128111, 830919, 147645, 556085, 503821, 281542, 313865, 173105, 253536, 112198, 469408, 319143, 989333, 307164, 851926, 657683, 749592, 363054, 578684, 516403, 997305, 507181, 896714, 395929, 940235
642607, 335957, 779960, 175564, 475203, 471969, 121220, 521910, 472263, 246760, 750700, 427350, 228014, 265537, 978193, 609828, 327718, 193694, 407758, 530545, 441325, 419304, 317401, 385888, 346566, 840693, 357812, 922672, 974219, 877707, 300641, 769337, 622935, 319699, 350597, 936932, 743144, 579518, 318711, 968550, 207613, 222193, 224165, 208006, 806647, 538025, 767460, 319090, 715715, 840973, 293337, 307688, 528282, 127205, 782912, 123163, 723944, 681667, 432008, 658724, 868436, 284670, 990113, 515176
838411, 332501, 980302, 611361, 537879, 207682, 880482, 106461, 301591, 352424, 443114, 488255, 294920, 413920, 774947, 973868, 981639, 544435, 546718, 963086, 767144, 216793, 261631, 487651, 404091, 614799, 328204, 920274, 878371, 907063, 701280, 470172, 393603, 629132, 812651, 831856, 285864, 160010, 592402, 683522, 905572, 379558, 387781, 458291, 195152, 933205, 579058, 148423, 254212, 921844, 873510, 904125, 305239, 163262, 328300, 332534, 288512, 464016, 275199, 850734, 575116, 212266, 345282, 537390
347404, 790353, 884181, 432936, 118952, 221602, 327323, 234645, 982674, 616445, 805410, 832768, 409709, 480574, 354789, 623269, 976316, 795277, 126343, 740470, 322970, 644018, 624671, 164139, 799015, 186032, 665205, 665248, 884223, 500362, 706030, 383340, 818079, 127470, 575782, 502474, 160391, 787597, 421223, 315107, 881450, 662578, 393822, 874938, 677606, 129536, 187575, 606663, 787907, 174931, 659989, 589705, 734312, 522450, 247620, 476617, 726124, 732025, 624799, 390765, 483337, 509619, 570032, 120556
242471, 375511, 558001, 370024, 961103, 883499, 274988, 630194, 562781, 328280, 653235, 503189, 802774, 706444, 265290, 373460, 587602, 705206, 167617, 887639, 673729, 152848, 411191, 205513, 290729, 333866, 642872, 397657, 707494, 363034, 637420, 917967, 896586, 229324, 723478, 132456, 264753, 102232, 920170, 784137, 650021, 140634, 237515, 758695, 369247, 368361, 147798, 824374, 245520, 981750, 128169, 412403, 716019, 234093, 769406, 846587, 907560, 690298, 838563, 145165, 553796, 712216, 221894, 735969
447204, 537680, 345987, 303301, 571243, 805652, 100261, 528366, 234130, 912721, 622907, 680226, 777803, 547261, 403384, 678598, 575594, 233100, 489325, 204463, 297677, 806224, 583556, 804296, 967415, 602746, 249217, 580659, 733903, 315550, 752037, 476652, 692179, 752565, 749437, 804323, 717202, 803079, 139101, 682399, 559280, 209160, 766677, 989797, 639408, 602287, 577049, 569046, 701385, 852385, 893084, 270162, 385712, 975648, 325713, 158377, 178011, 785405, 922471, 319730, 140798, 773434, 894947, 692606
888975, 844193, 377668, 743434, 242464, 711326, 187816, 582800, 462967, 196416, 873770, 517107, 117538, 242586, 154492, 911676, 322101, 943166, 189681, 604262, 344357, 896419, 367774, 122897, 141940, 887573, 483536, 476585, 794094, 114800, 887833, 574670, 647151, 339285, 167537, 131866, 282308, 539292, 876935, 410333, 859541, 183799, 491830, 148319, 983455, 553634, 827006, 461231, 974745, 197488, 857704, 509591, 432324, 616958, 339507, 225694, 443827, 384366, 473729, 344314, 364535, 928281, 493636, 562214
522730, 903452, 339297, 454002, 128454, 284328, 489700, 298064, 837470, 958251, 956162, 185928, 407715, 590195, 411960, 104101, 753456, 659871, 409533, 816091, 877176, 294234, 832017, 989776, 398836, 406441, 717833, 211804, 799948, 174363, 426479, 178877, 729288, 742540, 896818, 644268, 655149, 518875, 557407, 314641, 761118, 715720, 668687, 911778, 731387, 862467, 480486, 606363, 564553, 453011, 653555, 828974, 416940, 954382, 624682, 165077, 765917, 498338, 824058, 323096, 787279, 602171, 525285, 603444
797271, 483812, 421230, 240519, 236135, 541603, 781513, 677671, 690080, 851064, 855911, 543210, 802302, 830560, 161741, 582546, 954020, 343597, 152068, 740748, 383157, 793830, 336808, 550542, 231560, 654366, 741096, 388017, 520477, 156836, 468890, 112937, 615847, 757160, 835359, 501704, 724313, 975200, 263215, 952458, 515457, 152451, 748106, 511805, 430628, 804288, 695410, 619350, 370516, 844899, 725294, 517520, 821212, 101883, 429587, 871754, 396570, 690885, 633262, 493035, 271264, 372590, 284420, 372009
781347, 479568, 507118, 568558, 494529, 186011, 325433, 120282, 905600, 336935, 437045, 627974, 696056, 924021, 894429, 226573, 676431, 325449, 175763, 658161, 232368, 371106, 525812, 356467, 830507, 937170, 568879, 146649, 974279, 452572, 232903, 724494, 865659, 458889, 417082, 416209, 742602, 961961, 612570, 549494, 219574, 708415, 514484, 298023, 529205, 926637, 117926, 822396, 546981, 463466, 273368, 648228, 558750, 684160, 183819, 226040, 585723, 536948, 485787, 793614, 687550, 605047, 147251, 788119
763850, 627298, 413962, 297747, 966853, 945800, 115458, 411004, 388457, 610527, 470323, 978048, 108924, 978103, 970565, 562165, 153555, 454828, 923194, 994962, 651280, 630546, 753094, 413557, 811867, 785841, 353107, 593743, 674704, 640478, 396300, 405164, 733120, 816057, 320544, 616974, 275545, 577258, 200028, 206682, 412591, 440889, 359656, 854601, 795138, 493842, 160235, 802705, 719613, 950129, 231130, 229259, 616776, 811041, 305551, 857166, 264072, 570125, 377791, 829438, 630433, 168522, 426757, 170322
168771, 166825, 524169, 261155, 951289, 668621, 732638, 735002, 234104, 819676, 697316, 982464, 168599, 606975, 209687, 597191, 294069, 314261, 215504, 399688, 755975, 575956, 503823, 840574, 120319, 340273, 468503, 565828, 805275, 799018, 247127, 181666, 676641, 658054, 351666, 730747, 408224, 211202, 767709, 119722, 749456, 104602, 249695, 316237, 472264, 993105, 264425, 813414, 870605, 519177, 108734, 846331, 464353, 813148, 487131, 631767, 932701, 853604, 520953, 809064, 549451, 245916, 921975, 764972
186580, 764018, 304435, 299108, 653483, 747965, 134820, 147323, 459233, 413667, 593853, 281178, 837072, 371549, 235789, 964661, 257900, 579776, 749984, 918229, 744392, 870155, 751471, 587716, 463393, 205272, 908738, 614268, 426156, 178074, 973322, 640361, 873242, 100090, 920419, 582133, 918329, 657260, 306279, 631277, 299124, 988731, 974790, 108647, 321859, 539325, 818521, 373840, 897717, 677983, 399237, 157298, 875364, 293855, 425992, 296849, 524476, 307032, 530484, 930757, 255556, 117896, 250534, 605638
353887, 706337, 883151, 304206, 367663, 443483, 592389, 626377, 486605, 716453, 587650, 654026, 766715, 218211, 534780, 444831, 537401, 230959, 803837, 694576, 791377, 932003, 517302, 939340, 780662, 500306, 341285, 796330, 479477, 129673, 491883, 112294, 120612, 745713, 698588, 148693, 154042, 862432, 419962, 422907, 777257, 232861, 145317, 637159, 717789, 428519, 400037, 344262, 656896, 779867, 841006, 164112, 390311, 272375, 324915, 390525, 403071, 990179, 901561, 814238, 221750, 918120, 770850, 339549
248875, 804091, 415084, 639745, 934399, 986459, 651239, 447991, 490859, 698328, 109857, 150585, 686711, 540722, 468826, 811115, 419065, 583880, 249525, 372835, 582814, 963834, 624976, 393018, 978492, 634773, 431444, 718402, 264021, 940805, 560203, 769023, 444087, 919803, 809423, 780716, 346302, 994873, 351512, 505527, 162381, 134993, 562869, 827550, 346506, 883635, 837993, 129994, 966534, 669407, 731334, 397338, 686786, 483394, 996127, 389435, 458084, 705380, 837264, 506103, 890217, 991877, 310541, 212649
407103, 478834, 354197, 935648, 776952, 667477, 969065, 819320, 336908, 369035, 347545, 168075, 292186, 972919, 134778, 906563, 750754, 157874, 839198, 632142, 328119, 986592, 582255, 199462, 961877, 861341, 339986, 819939, 663250, 238152, 622081, 119108, 458798, 869671, 670749, 903253, 807142, 507267, 708404, 539221, 230306, 141029, 943382, 114451, 779099, 925345, 207263, 805333, 640700, 304808, 855100, 698666, 421226, 532321, 397909, 603664, 190225, 200323, 468469, 706737, 987029, 713397, 607250, 200899
331482, 870567, 671668, 911354, 581296, 833447, 140331, 636341, 527841, 870285, 786248, 118506, 764466, 315053, 780296, 778381, 798020, 248739, 356625, 240005, 443396, 619292, 506771, 817400, 447809, 601713, 982182, 488891, 120314, 899770, 878950, 616854, 673220, 138585, 509681, 804012, 245056, 926909, 158456, 931407, 235102, 727829, 152416, 834534, 189358, 452053, 542344, 697156, 335114, 556281, 656255, 979176, 915899, 705083, 183592, 529183, 102447, 593807, 302788, 417795, 381112, 839652, 942987, 839313
689566, 233479, 919205, 412672, 413491, 528071, 690057, 109006, 260602, 316710, 863520, 594362, 793942, 565187, 259795, 508367, 972936, 658116, 142493, 148960, 520661, 170131, 685226, 376117, 422403, 717370, 795746, 926775, 896485, 541906, 745544, 135555, 674318, 903118, 383802, 954506, 750078, 857230, 608930, 757113, 203673, 486411, 907035, 964150, 222943, 193107, 801852, 218469, 688479, 165692, 314096, 104691, 721286, 202241, 205636, 156992, 324312, 884949, 462142, 205841, 627047, 516160, 298238, 742083
406083, 102288, 625154, 819991, 464780, 525469, 497157, 943109, 822709, 236361, 310427, 678971, 293310, 942630, 783277, 378161, 848788, 572422, 413823, 802817, 678443, 507853, 540808, 781120, 291651, 508524, 349675, 683892, 289113, 768508, 304222, 640833, 556660, 259966, 957701, 483922, 121123, 350472, 579355, 443157, 348633, 662049, 233079, 809652, 474910, 878209, 593103, 567171, 834466, 819875, 416081, 548765, 524043, 625458, 199336, 877293, 551171, 406081, 686114, 252684, 610322, 765305, 341132, 140708
169357, 711699, 827070, 887704, 931944, 926346, 131612, 123311, 996544, 724401, 350270, 256660, 531644, 865802, 621552, 412048, 470954, 804797, 666421, 127980, 922231, 280976, 682989, 578900, 490935, 610203, 850874, 714326, 610737, 796427, 746761, 907791, 659416, 581211, 493272, 450252, 205300, 364285, 742599, 911927, 152219, 338799, 709037, 575461, 116836, 610561, 293700, 881905, 218242, 859579, 656637, 779353, 557648, 217324, 499338, 477343, 500152, 771422, 264272, 407516, 482614, 684609, 815527, 780080
252344, 936498, 183302, 661443, 601669, 844686, 797723, 777200, 150371, 614425, 470608, 442911, 549536, 433886, 311130, 198250, 578420, 549620, 761734, 733987, 599883, 117731, 113713, 255649, 817209, 974938, 576920, 870532, 160939, 200089, 216944, 615414, 915608, 223775, 170593, 913664, 748055, 597162, 276565, 299799, 664507, 496428, 979840, 130940, 398973, 479910, 293490, 676342, 314661, 234663, 569648, 502874, 719533, 725445, 826441, 259170, 963218, 756111, 575689, 687769, 932286, 263680, 163994, 253813
743978, 841055, 334892, 884814, 624104, 324181, 428188, 752939, 651863, 125861, 882289, 891490, 157351, 587114, 887051, 236882, 840399, 200224, 590822, 135119, 820040, 459233, 313639, 582249, 817713, 919513, 597746, 236821, 440051, 494831, 615224, 236767, 144101, 309313, 268697, 831287, 390660, 603700, 380505, 741613, 842401, 749592, 962147, 273887, 622518, 130176, 146967, 891871, 683740, 888867, 735741, 951807, 337776, 114358, 874240, 374881, 569283, 281869, 761672, 104239, 833524, 522692, 943324, 769010
806145, 650830, 665048, 416473, 612730, 588458, 773020, 991709, 388258, 176010, 172352, 410571, 898278, 468550, 769028, 251313, 249915, 260296, 444504, 503296, 644771, 452363, 591433, 705610, 765594, 690052, 585218, 414486, 738447, 199956, 884796, 578880, 908599, 214886, 134847, 827270, 536992, 630333, 311392, 258155, 135577, 835810, 442780, 489411, 251604, 382885, 222556, 217970, 321397, 421445, 858724, 843155, 267774, 885404, 881208, 203094, 907739, 240827, 279926, 795923, 786291, 756393, 979482, 857949
773410, 455947, 777626, 832105, 357307, 776095, 457656, 471484, 474183, 890205, 661775, 236085, 159372, 541494, 937592, 105480, 620076, 483915, 488295, 613446, 958274, 210940, 136816, 913323, 274718, 529194, 435742, 545867, 898144, 527119, 480914, 598240, 310796, 840745, 945514, 207293, 450852, 260858, 894215, 688130, 310373, 412302, 661876, 369151, 371122, 837683, 252043, 346210, 641461, 920299, 368472, 379391, 524827, 872479, 591720, 812133, 771629, 528482, 116497, 993909, 675230, 186246, 839076, 702205
545705, 107175, 621508, 489216, 542255, 962510, 890558, 632178, 924574, 125855, 564907, 277503, 762726, 326143, 367762, 442067, 486065, 396046, 258779, 569548, 239726, 297136, 586757, 356310, 275198, 270473, 881946, 729486, 984072, 306914, 127799, 884182, 764781, 104552, 252503, 334803, 961327, 500272, 975948, 418211, 856478, 971860, 532469, 924365, 404282, 493308, 994046, 801390, 613926, 831204, 442728, 623341, 766047, 769976, 633145, 896625, 513436, 222449, 163322, 862165, 173586, 837377, 594486, 225387
142140, 602358, 898291, 590587, 599127, 949633, 186069, 849584, 813412, 212775, 638858, 357616, 505480, 617189, 369687, 671440, 597078, 214562, 401801, 110703, 518894, 951937, 516084, 589837, 249030, 340748, 527136, 640255, 762929, 680605, 855411, 368209, 710410, 772595, 244485, 523724, 559369, 193040, 827794, 345296, 525171, 875855, 689522, 508224, 136520, 620325, 132797, 780071, 875398, 226460, 194476, 783115, 429332, 575531, 823967, 974835, 868894, 140481, 639154, 596268, 684861, 753188, 608859, 326466
280114, 296199, 632929, 693604, 156003, 827863, 328634, 129820, 678582, 761608, 853084, 517850, 686700, 793813, 897466, 348085, 927043, 585343, 558126, 931052, 658487, 529077, 648696, 438989, 676695, 432086, 289614, 412675, 889074, 526068, 562292, 261637, 892841, 968038, 971225, 729389, 996318, 359517, 718502, 157625, 514742, 383149, 996629, 366001, 423097, 531681, 445527, 979254, 571787, 297539, 168412, 727770, 334595, 215453, 796231, 111711, 843408, 112732, 995245, 869134, 557111, 297829, 210682, 837698
305917, 668990, 753903, 214300, 616732, 703151, 774137, 637925, 398448, 712048, 955203, 846624, 919081, 822798, 450086, 454217, 460361, 924170, 924673, 514483, 974892, 750102, 467079, 568160, 372431, 721614, 535407, 486962, 561771, 737326, 779162, 449502, 520680, 930181, 836812, 515095, 666363, 217189, 721360, 372064, 933077, 242916, 333230, 126330, 869520, 536249, 432095, 298931, 890701, 774119, 351437, 733514, 243658, 788968, 182916, 103230, 979855, 718642, 405832, 339034, 600719, 110178, 159509, 698528
511208, 589140, 208265, 644733, 412420, 240150, 782628, 227714, 213078, 257243, 866033, 250127, 119378, 488769, 640076, 906467, 971673, 240513, 677284, 108757, 754760, 961805, 306341, 840287, 186400, 683693, 608120, 850222, 207141, 179018, 140641, 587735, 179152, 197997, 162492, 570005, 729073, 142256, 245300, 417058, 402009, 530398, 905465, 496211, 202343, 201223, 179545, 854836, 254551, 138604, 401403, 502688, 226651, 215275, 374994, 413425, 322664, 707682, 926969, 102977, 354871, 470189, 831845, 580317
293591, 761341, 663030, 841719, 397379, 583181, 723216, 552372, 315563, 322767, 679151, 122564, 351849, 948405, 172378, 661748, 203665, 841656, 164149, 676948, 816517, 873651, 836594, 718315, 500410, 400552, 839525, 322970, 621520, 289772, 940364, 292794, 504495, 814420, 517562, 367527, 489434, 993550, 386922, 813415, 623868, 899852, 296696, 568235, 400172, 435193, 959104, 268188, 937894, 100002, 801340, 803071, 292342, 116480, 622969, 102756, 323121, 143303, 662447, 399283, 793584, 964257, 357655, 373997
649976, 208700, 251045, 148933, 113035, 616146, 317220, 265915, 459157, 877154, 244503, 383744, 523591, 895556, 782541, 235149, 310995, 116931, 642230, 972440, 521185, 711996, 843136, 560630, 987484, 443813, 874926, 874353, 162972, 950441, 414783, 905430, 608500, 246348, 996195, 480872, 782550, 974229, 713603, 494983, 567487, 867912, 730569, 192996, 484247, 769708, 537494, 888640, 798367, 267910, 836261, 647117, 219665, 263700, 155664, 823297, 499071, 871570, 836211, 845204, 113498, 523664, 226661, 518019
594328, 362855, 854298, 983791, 857636, 216712, 613058, 128876, 790541, 195924, 573378, 978538, 290859, 894519, 349576, 457319, 893421, 377969, 646978, 332452, 831458, 648086, 885681, 450234, 248213, 433652, 796176, 279209, 568018, 496470, 357309, 175467, 899182, 603428, 660557, 721118, 495051, 390146, 459481, 345410, 980884, 551781, 977298, 926830, 649007, 677702, 417206, 678685, 513250, 397049, 797698, 611656, 935169, 409961, 135142, 136542, 620803, 543730, 210197, 600424, 488981, 322856, 407935, 436103
193983, 835909, 336926, 263054, 847188, 862300, 348247, 112120, 777117, 673776, 704929, 384544, 331261, 272762, 910050, 567090, 152118, 220886, 685052, 615249, 847862, 900276, 108238, 481380, 655253, 452226, 636691, 856610, 246966, 855956, 785424, 227280, 338441, 165988, 526658, 255795, 267630, 196596, 419238, 875602, 391262, 894825, 394398, 378638, 383184, 298322, 436322, 531956, 564636, 262513, 328301, 431715, 698510, 564570, 348196, 578312, 339139, 492047, 504489, 292401, 452305, 285683, 522429, 671997
364365, 318543, 961289, 875994, 197450, 820146, 596577, 611637, 229077, 855048, 737675, 452785, 520381, 344791, 953007, 970338, 116218, 700679, 383024, 372136, 269877, 726333, 854439, 984810, 873280, 931344, 878750, 551446, 433623, 777614, 633614, 428489, 373045, 742396, 985799, 204321, 981032, 514897, 782189, 188405, 604343, 849497, 348807, 659979, 749782, 931080, 360511, 798567, 951500, 664637, 802870, 658114, 786878, 815761, 747260, 873142, 159146, 193404, 387664, 156276, 330576, 713216, 511491, 852409
849717, 309936, 344218, 227046, 850235, 216902, 864982, 323085, 628069, 796594, 513199, 754233, 927203, 950051, 258989, 707096, 841193, 965653, 891976, 425026, 406762, 633099, 532292, 205286, 186179, 895612, 488935, 355769, 575266, 232385, 303108, 955032, 565865, 427623, 748716, 801013, 179157, 598027, 731486, 215640, 428246, 782662, 628692, 442477, 688637, 861787, 915386, 990771, 334185, 201704, 481843, 813257, 674540, 780232, 765243, 650745, 281853, 807176, 981663, 584970, 835022, 233993, 390602, 909030
203153, 777073, 340974, 735071, 976567, 851705, 448509, 301027, 346519, 593332, 297354, 889809, 813737, 765552, 663176, 856828, 961938, 818442, 682769, 214690, 787682, 247121, 206669, 453490, 971257, 318295, 226383, 953919, 265577, 453302, 420693, 829624, 900750, 910866, 400183, 285944, 581398, 955128, 508414, 406260, 532176, 525063, 348524, 208308, 291499, 569869, 176678, 908325, 501522, 224176, 490088, 558606, 972123, 682948, 446874, 377000, 869359, 378254, 770396, 917379, 687267, 275140, 566958, 120378
357633, 469128, 956357, 682765, 621202, 106132, 966707, 264162, 358873, 902793, 615072, 208702, 714701, 321803, 435253, 819301, 777435, 966190, 314045, 617018, 873190, 572843, 985067, 459148, 622964, 622073, 978331, 629483, 135327, 623804, 268795, 928716, 383143, 948209, 668312, 753377, 654147, 206409, 124173, 825401, 868851, 443370, 994155, 754340, 616353, 560596, 356378, 386963, 670454, 915576, 313167, 938055, 411418, 822263, 567041, 277669, 795922, 530122, 556319, 155899, 558677, 583105, 892868, 280006
132545, 324466, 221844, 390122, 450821, 783688, 980711, 256590, 185115, 413673, 635487, 991735, 775877, 101861, 356835, 940378, 811112, 278283, 776156, 931935, 643911, 366697, 200666, 660256, 233085, 768455, 328626, 853384, 915655, 149128, 376140, 318048, 588206, 805560, 860339, 605019, 921192, 447152, 814072, 388218, 838243, 287177, 848112, 247001, 666019, 134102, 340056, 457447, 502713, 190519, 621338, 679703, 185586, 890408, 105767, 621112, 515672, 209429, 157007, 716536, 627229, 997871, 246579, 481034
154532, 492302, 301450, 109591, 807326, 232406, 237555, 860521, 764923, 431601, 867269, 996748, 887352, 456278, 373160, 493956, 194457, 610086, 294165, 588315, 200709, 321804, 927569, 787974, 298754, 691152, 271770, 195099, 671123, 942614, 149928, 667346, 727147, 172257, 300133, 259662, 502435, 467609, 427950, 610627, 791078, 126423, 652540, 553734, 814637, 989827, 657311, 248458, 914540, 574699, 410161, 914074, 424325, 379545, 825050, 861294, 557061, 317031, 747390, 459834, 311392, 124986, 156069, 911367
204166, 395434, 975427, 719866, 553038, 988344, 535850, 200297, 947731, 639200, 267731, 493546, 128105, 819484, 225848, 844678, 121904, 516023, 431425, 145071, 149181, 857806, 594103, 249558, 668721, 405647, 505779, 808772, 170415, 756891, 288354, 683365, 546612, 496414, 937243, 257377, 682898, 930780, 530563, 164740, 192378, 162539, 201220, 360933, 759241, 924484, 182973, 651927, 677782, 598495, 783080, 898863, 199320, 249494, 691284, 655968, 786401, 633188, 773280, 966782, 900632, 342420, 605133, 625246
414795, 408232, 589650, 554356, 138761, 587975, 407609, 301404, 177195, 313331, 230696, 644945, 415417, 644332, 737885, 535907, 925428, 538363, 224284, 904801, 116469, 735649, 862657, 831111, 441012, 446751, 251526, 934224, 133274, 597754, 959875, 455135, 797754, 518323, 779630, 946280, 643926, 553465, 536695, 102433, 350258, 200392, 715816, 964022, 549499, 766604, 137358, 775481, 904815, 215287, 541880, 231873, 396069, 774204, 425481, 553050, 801534, 922400, 837721, 935896, 695019, 574303, 130343, 136766
261847, 228803, 809646, 912308, 752514, 368515, 504397, 990501, 493312, 768772, 243283, 787203, 332277, 726127, 931716, 340127, 526791, 492555, 697492, 870462, 225481, 429751, 211721, 996935, 366555, 180255, 798662, 279584, 623249, 876279, 478258, 923908, 670588, 327962, 839301, 783735, 659569, 882411, 778423, 717274, 868140, 155281, 988294, 676049, 495495, 996418, 128865, 546445, 297645, 920694, 393779, 667384, 710584, 432284, 185028, 841089, 872188, 620301, 858430, 342583, 264254, 646857, 962805, 743736
729056, 103778, 554578, 918329, 865986, 939626, 627476, 475340, 732227, 205110, 202422, 782096, 440078, 914749, 277405, 749052, 340547, 429993, 277751, 366819, 535427, 153674, 970502, 420307, 429007, 180860, 499876, 874299, 443294, 652439, 979669, 205164, 555172, 962226, 111704, 206758, 167355, 154162, 790916, 946360, 215431, 125978, 251595, 199628, 140254, 692625, 367685, 659572, 423306, 192169, 298201, 646047, 122532, 628967, 614815, 181215, 910583, 350532, 575195, 238158, 569299, 978965, 602629, 496868
685335, 468167, 425982, 335440, 835298, 655133, 925110, 477101, 922390, 309674, 621262, 904541, 838732, 268745, 123025, 101767, 374846, 232158, 726720, 324291, 824549, 119613, 733054, 395510, 975930, 141624, 955357, 914240, 645681, 801904, 951133, 955547, 951063, 545339, 573717, 679202, 189157, 827954, 899414, 829890, 669565, 248057, 785216, 723136, 422552, 772237, 291242, 598258, 818992, 658193, 744025, 151981, 800085, 112325, 545554, 634275, 382491, 112268, 854963, 139050, 662394, 345704, 133310, 405947
968644, 243170, 732246, 888278, 416724, 590003, 758923, 310079, 995596, 729073, 597368, 124143, 477153, 145221, 350470, 560128, 819218, 568857, 288664, 711618, 739481, 995511, 980637, 180782, 825887, 341299, 374309, 640839, 350738, 812365, 332396, 848307, 908929, 383360, 766326, 982072, 895440, 142363, 451545, 712251, 895795, 995246, 885061, 848300, 640080, 225365, 594691, 449329, 817902, 415214, 526069, 148661, 213046, 447594, 641763, 465488, 924672, 140002, 434599, 706183, 259221, 366915, 839629, 594716
536626, 630545, 667213, 229556, 258066, 942685, 987102, 413232, 161106, 110712, 235295, 816299, 446969, 621823, 341412, 541558, 961934, 548620, 450728, 892378, 576401, 956504, 281296, 374625, 586771, 813401, 913385, 511900, 874337, 639384, 661504, 395610, 661793, 663808, 726231, 283308, 702133, 649186, 316004, 204006, 679171, 576633, 604473, 404886, 614592, 302195, 273408, 395100, 830206, 977745, 462645, 783731, 356586, 138877, 623156, 897303, 832017, 150258, 826013, 962383, 801362, 815789, 431288, 262665
913908, 701050, 166151, 299656, 426991, 203371, 894753, 807508, 423646, 486571, 647068, 158920, 622791, 981986, 418978, 534883, 461757, 221881, 396078, 242034, 229012, 595188, 650845, 393519, 276030, 594583, 435346, 894845, 141880, 483111, 834288, 703678, 920935, 738255, 887063, 228829, 310098, 862460, 541660, 755061, 465131, 568283, 166430, 143041, 530029, 585610, 269840, 696333, 929782, 474589, 128745, 691658, 412182, 587822, 424975, 989901, 568150, 778682, 922996, 782006, 245914, 308399, 880740, 147026
602032, 894162, 316093, 865372, 561953, 802335, 375809, 689014, 137561, 285037, 200900, 571777, 178761, 238108, 499281, 789155, 764404, 359344, 817442, 166397, 735732, 127604, 259018, 355547, 470079, 883827, 762802, 290950, 717830, 242437, 481192, 928177, 737691, 472047, 967529, 286234, 690964, 812238, 785508, 936474, 893488, 574280, 695862, 726467, 918159, 459804, 906605, 642938, 389941, 134506, 781046, 663246, 860932, 534329, 416003, 617500, 275408, 647935, 837669, 539049, 589433, 799635, 970115, 393883
551919, 194598, 138937, 524084, 570868, 344341, 323503, 604893, 298505, 678364, 730198, 745104, 114425, 113819, 210781, 407962, 875189, 340181, 764711, 711105, 900742, 162909, 440996, 580029, 755943, 357211, 274860, 685241, 172882, 999000, 912937, 704709, 302609, 732693, 878008, 223844, 720840, 254567, 108400, 557687, 903426, 319729, 651142, 367147, 143287, 143400, 112685, 870811, 885780, 151547, 998764, 469678, 929765, 889028, 934917, 309172, 203625, 989391, 469954, 706575, 793869, 360873, 108701, 292954
350659, 692004, 133985, 324901, 924145, 257999, 298974, 548635, 291709, 215938, 970467, 778665, 822549, 157042, 468094, 124384, 557190, 110767, 917283, 664414, 197581, 324999, 652476, 153775, 359714, 944896, 120100, 331596, 371988, 909172, 352779, 678181, 646931, 360753, 638561, 277964, 867411, 734550, 868170, 309861, 858661, 938663, 260977, 875878, 188279, 436758, 605735, 363958, 964419, 639216, 664431, 548975, 931102, 764558, 126952, 939877, 203491, 452952, 441693, 681015, 109242, 634671, 797969, 213769
