590680, 523969, 566955, 217444, 810795, 811664, 703213, 146582, 754199, 600577, 473943, 844389, 279377, 455486, 173155, 429524, 311398, 646007, 942967, 260055, 997645, 560637, 217170, 257900, 789081, 449545, 182631, 284454, 332746, 423216, 653455, 212404
271331, 650019, 818172, 444162, 819432, 401646, 165506, 140653, 882701, 433083, 667146, 245008, 664677, 631792, 456796, 478576, 555705, 627157, 943501, 312263, 666758, 330690, 226256, 908521, 506374, 226072, 975351, 820523, 190717, 466942, 499690, 460235
916903, 782844, 688765, 208917, 775374, 760575, 944804, 405350, 800428, 248114, 691229, 941865, 713991, 988977, 750708, 940889, 523124, 952249, 827600, 315903, 427126, 108946, 261860, 312305, 377485, 169618, 389136, 279189, 157960, 544462, 387626, 386311
648708, 168303, 377023, 876076, 443697, 824115, 848507, 670901, 496888, 503810, 171455, 668694, 823163, 572907, 509035, 636482, 409517, 888421, 338687, 831291, 284775, 976049, 117951, 784759, 729148, 350384, 277507, 220989, 984636, 396448, 643573, 857570
897265, 727474, 728311, 980901, 204056, 129085, 173953, 157356, 591427, 972566, 528665, 103108, 650696, 854578, 191582, 109405, 584125, 928192, 638796, 400062, 165464, 924636, 885390, 118919, 497778, 901889, 311635, 274612, 494673, 329040, 610517, 882516
230770, 303027, 388267, 463789, 244982, 592783, 877115, 555229, 655932, 176943, 124396, 306014, 686682, 599665, 238340, 154827, 851061, 609121, 651381, 896757, 980011, 343452, 485648, 776764, 713462, 473394, 883759, 950708, 237773, 495027, 333448, 321559
981399, 169619, 224206, 975182, 325748, 463677, 551959, 783876, 495433, 286234, 811924, 139436, 520835, 255547, 971292, 169458, 306718, 889627, 267743, 931581, 939569, 138760, 348567, 712698, 833897, 914566, 395566, 800156, 319234, 727928, 633672, 847182
663716, 806506, 700466, 775004, 169860, 308821, 271720, 262906, 161308, 241990, 726860, 306735, 406442, 111954, 860364, 398045, 280472, 140734, 683889, 266080, 386105, 850071, 516199, 415545, 250714, 347585, 355936, 776903, 934479, 159687, 123441, 239794
483141, 625935, 204652, 912836, 130574, 682400, 211263, 964929, 452240, 436700, 647643, 438871, 295380, 974677, 283602, 756953, 788425, 844277, 199488, 234380, 505029, 572356, 298894, 608112, 326436, 698593, 431338, 383691, 800924, 474088, 736006, 226435
618974, 425399, 174932, 217892, 288622, 785568, 403008, 964257, 165549, 448034, 411310, 438513, 382669, 442847, 217933, 719562, 533987, 793377, 617448, 197209, 584165, 991429, 131054, 164447, 221237, 918715, 519306, 727899, 137168, 277720, 760103, 170806
456821, 316446, 174797, 131625, 649457, 593920, 362712, 346370, 422907, 130058, 659520, 927487, 728319, 235193, 916318, 587667, 281850, 996616, 191651, 666086, 321124, 182525, 634637, 973462, 395527, 351715, 734245, 752721, 521293, 751114, 928709, 157862
411915, 741812, 169513, 387610, 728939, 830595, 808423, 737343, 642052, 383028, 584379, 763746, 960807, 901501, 968927, 466950, 592112, 906355, 837868, 370554, 990754, 832337, 755503, 656446, 866897, 375163, 392527, 383070, 215138, 497921, 926201, 900085
573160, 908000, 154725, 366077, 517235, 304746, 618366, 544389, 689596, 898707, 165671, 129551, 148343, 754098, 903148, 721624, 747257, 633534, 572596, 512481, 635933, 972029, 116422, 574965, 475460, 803501, 705911, 920801, 664924, 335707, 949563, 640922
393858, 216623, 392563, 615251, 850744, 707795, 349418, 256202, 850279, 261087, 173947, 160789, 253936, 292093, 445806, 113872, 419531, 278633, 980410, 177016, 386898, 539187, 669968, 993772, 263358, 393751, 607437, 543395, 351567, 795638, 433723, 697891
435273, 833595, 491131, 704538, 792641, 284788, 671284, 612821, 622124, 475969, 126034, 683861, 728324, 194739, 906812, 693654, 867872, 328567, 330057, 935517, 549533, 846227, 276027, 352651, 817850, 806235, 563135, 816993, 324064, 115774, 677098, 790163
646458, 816576, 834906, 282043, 980742, 373274, 248150, 557606, 362507, 539929, 658533, 737593, 315998, 841815, 328193, 469688, 717588, 232022, 778910, 879950, 461400, 597846, 983332, 400798, 628023, 866676, 268088, 189761, 287238, 257061, 737198, 582260
814253, 637793, 837202, 585079, 100374, 390556, 666916, 743009, 303781, 514750, 771292, 500840, 866691, 232204, 125807, 445457, 660467, 676831, 549095, 919588, 843840, 645107, 596451, 806978, 395999, 477569, 703805, 868165, 794592, 417405, 532032, 428195
708755, 386688, 435531, 694075, 958795, 727075, 945785, 609940, 457809, 702063, 512363, 471887, 765610, 602543, 918794, 131786, 468757, 472441, 543954, 734858, 758038, 465644, 274918, 476313, 864301, 612591, 475710, 773180, 144753, 746461, 773205, 636106
108775, 424886, 336458, 623313, 347592, 714215, 288846, 438006, 473269, 544093, 917856, 484819, 708813, 101338, 696669, 837299, 933583, 380894, 337644, 526791, 224976, 251049, 439547, 437647, 598321, 660934, 299753, 137337, 506318, 182438, 935258, 318700
791888, 662725, 162744, 927293, 319938, 414036, 898537, 812119, 384750, 897550, 655076, 718603, 289005, 529218, 152788, 208281, 953323, 655436, 983755, 178756, 500802, 807219, 597365, 241582, 218401, 743729, 767125, 809947, 267574, 580412, 765020, 846108
657170, 303079, 748323, 606013, 261152, 370975, 947581, 320933, 623961, 666084, 943926, 896488, 874491, 594223, 425852, 273528, 580754, 153335, 401763, 469906, 425773, 631790, 263512, 316588, 936648, 656320, 771050, 495792, 696508, 203188, 670234, 248436
515149, 990823, 941294, 748663, 472590, 671281, 483568, 769061, 521505, 788803, 122682, 595206, 707941, 641038, 693423, 761914, 463456, 716564, 927836, 578365, 929744, 798421, 245313, 155049, 442215, 772735, 869779, 633489, 777462, 939386, 412940, 864510
504380, 234549, 210186, 218671, 324770, 660533, 421960, 461456, 578243, 524847, 656357, 973452, 540009, 264268, 178882, 635865, 679858, 962871, 432517, 544954, 758047, 534013, 332251, 352767, 409901, 201898, 186530, 344836, 969929, 247230, 108317, 574917
664624, 660600, 128639, 891420, 454048, 261512, 548207, 638436, 667317, 147442, 154943, 825637, 296704, 886972, 462350, 117250, 321430, 583925, 460628, 976976, 392670, 430933, 975315, 170065, 805085, 301444, 138760, 475128, 920173, 728196, 617452, 270638
932424, 101016, 853293, 442826, 406366, 720531, 628262, 483375, 889694, 811200, 421646, 606811, 121222, 704675, 793529, 747001, 140113, 710473, 471131, 199913, 547123, 501776, 856994, 123540, 381572, 849546, 475626, 214322, 746593, 716688, 973286, 461257
520753, 878586, 601548, 166521, 156019, 818698, 202584, 610516, 596161, 329579, 177669, 986122, 426976, 762203, 854861, 826927, 108508, 946181, 527281, 153968, 513906, 975901, 886608, 801445, 253714, 453406, 707665, 891621, 638874, 241665, 189977, 549424
926772, 103936, 582744, 181057, 724232, 752730, 298010, 984649, 406837, 881941, 727328, 228812, 312749, 226119, 402549, 949547, 766836, 223846, 548216, 488144, 323866, 896762, 555975, 806500, 787536, 626538, 193677, 619990, 585433, 690462, 183126, 289864
900483, 203649, 645055, 374050, 236353, 443557, 487001, 595176, 757592, 100867, 142653, 269160, 151180, 188220, 271095, 140505, 383391, 349304, 944002, 365009, 636431, 416655, 637444, 167162, 746602, 394725, 520948, 684096, 951345, 983256, 549748, 166770
309838, 900157, 823812, 881783, 821126, 243233, 862426, 253066, 284068, 778213, 167694, 727410, 395733, 751280, 459815, 564671, 515280, 188440, 644706, 846290, 144670, 830715, 283930, 438175, 505467, 727466, 111914, 850692, 772083, 212079, 296546, 871949
558573, 410966, 330490, 140692, 501772, 666513, 815707, 625195, 807390, 668902, 516599, 787530, 660005, 248954, 747275, 100141, 666725, 796748, 735872, 454015, 618671, 880426, 668937, 618299, 142253, 817744, 849729, 182019, 232183, 976969, 163414, 633276
523585, 429493, 412967, 731311, 143476, 675913, 634531, 981504, 473668, 578451, 395253, 743205, 416609, 300790, 164127, 174159, 183816, 189588, 893188, 710365, 573242, 523929, 115849, 407392, 990590, 588350, 609560, 504545, 877377, 725046, 484544, 753669
806422, 833762, 946332, 333188, 251190, 560645, 280686, 935643, 409731, 125694, 341670, 342972, 182798, 108481, 821008, 647114, 686131, 321794, 460628, 313786, 607622, 518360, 458205, 878137, 660153, 763749, 984081, 533109, 610941, 346303, 126761, 575697
