633973, 777135, 654871, 373417, 670422, 302246, 322117, 166210, 144460, 652534, 170101, 640859, 618062, 166722, 356406, 811294
122249, 563374, 917981, 903284, 325948, 693703, 953009, 112571, 455604, 975222, 187677, 208114, 610828, 195495, 341041, 263108
118652, 530520, 749096, 491146, 188080, 862920, 473359, 541710, 413720, 436991, 397797, 257005, 815264, 546360, 556590, 119654
454908, 881436, 742858, 313605, 641076, 590645, 828762, 387856, 826929, 198732, 202747, 450218, 445693, 577957, 173634, 889016
255136, 231298, 166119, 185931, 622854, 766344, 514104, 632775, 252768, 327732, 977853, 189833, 365359, 463210, 515392, 338380
709858, 788254, 771671, 353914, 717343, 900066, 767996, 840484, 684588, 811431, 818336, 944942, 858638, 909223, 815532, 493186
514802, 315201, 531330, 720569, 554235, 925313, 124868, 999082, 266024, 732825, 276414, 706352, 584872, 406000, 379027, 780141
433183, 464482, 630935, 738100, 419705, 130674, 401402, 779663, 176535, 296400, 431325, 564201, 131301, 951346, 689528, 733712
443933, 759250, 130288, 493317, 837961, 145224, 387039, 416160, 978501, 636471, 537108, 349372, 270169, 392096, 726364, 791714
280031, 676895, 533929, 315280, 306629, 729174, 111041, 248908, 678891, 798375, 112086, 466518, 184555, 659507, 839405, 749003
274893, 834500, 692015, 165839, 256564, 182502, 584137, 803054, 738642, 142733, 381124, 246854, 892920, 995102, 314048, 607829
478536, 751442, 696787, 566235, 161359, 442505, 509241, 100489, 317241, 923206, 147123, 720248, 489800, 747068, 802238, 921478
856607, 230190, 664307, 505234, 144367, 772801, 744514, 946155, 575458, 764474, 534374, 964179, 830905, 345062, 117689, 832714
639281, 738198, 469672, 802929, 454149, 488953, 992900, 646828, 956514, 667786, 246488, 685733, 508309, 609940, 237877, 843684
110877, 272139, 784974, 925987, 578062, 309416, 656314, 786733, 549919, 316651, 196096, 373818, 258828, 362557, 758714, 881141
414936, 167847, 572988, 244768, 973917, 429759, 867034, 774208, 855892, 112307, 439151, 269917, 611633, 542812, 856382, 557673
