328488, 870342, 636514, 312731, 760307, 538253, 692473, 641332, 375141, 542398, 615164, 730871, 786623, 417083, 633570, 295589, 540543, 813669, 186995, 188581, 271572, 640014, 813642, 369942, 741685, 845019, 884188, 820318, 842119, 196149, 315951, 728529, 277495, 637756, 120382, 972716, 598007, 756795, 384407, 443929, 934341, 331884, 744672, 686123, 557627, 408930, 466249, 169760, 234431, 784315, 408946, 615835, 291869, 423191, 760474, 798319, 940213, 993562, 572378, 638104, 528105, 338224, 315870, 553687
127757, 791111, 616686, 583918, 291222, 541552, 687518, 579153, 516178, 601281, 118770, 830629, 852395, 334063, 721764, 377916, 166339, 929821, 409697, 419487, 781568, 768942, 638537, 859313, 771291, 673950, 819189, 253089, 282830, 655245, 925524, 141614, 970249, 580846, 773065, 758497, 442994, 828607, 425384, 380533, 764785, 982678, 613441, 960699, 398776, 651577, 221094, 465763, 596898, 530404, 354426, 629535, 653111, 865681, 725386, 447502, 416801, 534788, 949924, 983196, 881001, 944221, 846042, 480006
302500, 178954, 730195, 105893, 187394, 222235, 320938, 327068, 730408, 161796, 569306, 629118, 292398, 625243, 275934, 604093, 267426, 273341, 946350, 128185, 622910, 886822, 330375, 323416, 367659, 241953, 309881, 500409, 408429, 735576, 956502, 672421, 415331, 490829, 565492, 127094, 527399, 697560, 398309, 774963, 473627, 183364, 352129, 404945, 896627, 933200, 551498, 191648, 155564, 315079, 933347, 917270, 788173, 417969, 643032, 256712, 627188, 137606, 100564, 877185, 277809, 460426, 760846, 447870
463816, 830816, 284209, 223267, 931694, 839691, 256637, 895865, 415521, 281279, 945239, 974734, 299322, 890501, 553652, 202689, 746291, 152070, 677676, 916354, 395563, 430303, 247252, 166969, 973314, 514518, 408432, 771841, 814364, 957842, 325176, 741969, 114551, 233845, 450973, 354496, 727449, 458607, 960318, 421568, 569446, 881013, 491225, 894125, 873393, 154577, 180304, 871316, 719662, 657910, 569076, 173536, 524427, 235476, 576123, 684317, 894472, 323473, 869371, 431949, 154396, 605246, 764923, 886196
128951, 262688, 443863, 981973, 321197, 652058, 815050, 780461, 691405, 834255, 185599, 840970, 339925, 805448, 795275, 523915, 301743, 487153, 787791, 454004, 101221, 976699, 623070, 412036, 345363, 103365, 429563, 990552, 299705, 668804, 667833, 818763, 572276, 584479, 115217, 230320, 874154, 953923, 134833, 752489, 708699, 122966, 895315, 528543, 884926, 584535, 506112, 385925, 417215, 743389, 350901, 216695, 950368, 935630, 718415, 694202, 333667, 654069, 408354, 975060, 194838, 755083, 713402, 860992
705117, 396702, 903424, 822830, 311324, 124692, 564987, 664953, 693701, 837469, 752038, 482458, 678371, 627870, 202859, 770287, 752602, 684843, 471018, 469830, 795469, 428527, 668635, 246016, 438895, 775142, 980398, 435249, 242536, 612274, 365624, 676082, 366423, 144138, 602783, 794129, 177179, 114742, 874780, 209952, 245642, 709472, 406641, 333802, 476535, 122780, 365912, 755571, 216740, 167756, 318162, 438293, 886967, 567561, 703595, 959891, 406717, 997175, 507877, 539694, 868557, 261021, 464453, 449609
897963, 596943, 231105, 373069, 143237, 830567, 962599, 266797, 416861, 137553, 402554, 702235, 362464, 984567, 490518, 587667, 962313, 765306, 403402, 819397, 107134, 663276, 901959, 443149, 500346, 131355, 310185, 152194, 807426, 961581, 920764, 642370, 464857, 602378, 366728, 244009, 233634, 482706, 546912, 519112, 288508, 229934, 630020, 802422, 198765, 929937, 263081, 460615, 194963, 614088, 908239, 694602, 421833, 647872, 455659, 804726, 753715, 640499, 197849, 616069, 532976, 328302, 489498, 785898
366477, 614359, 487628, 694244, 616218, 161359, 906952, 422493, 763485, 814535, 803422, 820249, 347530, 967604, 599645, 392810, 142206, 786049, 612739, 555915, 574567, 550822, 571392, 616442, 409345, 586753, 762794, 225243, 913032, 675546, 365911, 720591, 321302, 764218, 280279, 864606, 173880, 198354, 831980, 565926, 741425, 393782, 539661, 621372, 790512, 489722, 779386, 831541, 726088, 677637, 775372, 280444, 707214, 387075, 454585, 745523, 898236, 200008, 937938, 931200, 434672, 943875, 953106, 504661
666677, 606804, 130820, 150961, 243686, 672240, 509823, 960051, 572542, 786621, 743924, 171259, 984883, 599327, 187517, 560474, 181651, 745078, 457100, 514773, 973582, 402580, 285588, 297741, 819250, 801541, 671717, 115093, 218197, 346003, 508945, 515833, 173327, 690753, 919747, 425036, 142722, 560982, 726251, 605034, 838478, 718571, 544622, 319705, 869199, 710303, 679555, 336438, 268180, 789399, 567355, 152184, 762406, 966926, 801019, 558156, 709042, 672430, 381430, 515660, 988108, 875218, 883052, 177099
347257, 947759, 311700, 709895, 532714, 465894, 200134, 332618, 493827, 171584, 772241, 799557, 716331, 740730, 398444, 922308, 250800, 158780, 912470, 799805, 834545, 204996, 395999, 262579, 759474, 745427, 377994, 657458, 398681, 711970, 330729, 256320, 203603, 873885, 470043, 366640, 701939, 636720, 256739, 421808, 571229, 347926, 596338, 696748, 489628, 558820, 473342, 708161, 218560, 248004, 303395, 658028, 926649, 702377, 561452, 107431, 716709, 644416, 695993, 591063, 546910, 649756, 356217, 197088
472796, 155695, 950169, 328972, 173154, 759665, 158363, 246737, 565741, 872009, 141862, 302598, 442098, 597059, 434209, 213990, 553886, 528750, 276718, 696926, 201192, 735646, 185645, 516207, 532553, 532566, 281730, 333742, 485194, 731021, 955230, 160433, 713672, 846313, 500702, 486822, 876078, 702573, 510269, 448850, 693329, 920833, 694808, 273479, 665788, 626902, 102596, 543400, 670296, 986180, 619860, 266590, 708753, 493269, 942206, 132893, 439835, 655441, 776957, 159448, 393898, 388808, 237159, 328838
857217, 171382, 643812, 180010, 319546, 351902, 874370, 809368, 704749, 708115, 666246, 912604, 523298, 483807, 503944, 991130, 857392, 950821, 753422, 596183, 889767, 677586, 994479, 976342, 173526, 784581, 989274, 961836, 572644, 373187, 321681, 471018, 640535, 921067, 614539, 529267, 839179, 897559, 822733, 117897, 798680, 763510, 672893, 726006, 302211, 985383, 996882, 308677, 911975, 767026, 422819, 514116, 462588, 895515, 618131, 711164, 403218, 443800, 543989, 152623, 606370, 362085, 592006, 487978
796321, 388451, 960040, 248660, 559072, 132283, 474546, 451544, 873512, 547751, 693550, 184720, 405657, 872593, 585942, 249145, 745902, 801516, 119790, 713757, 879629, 461857, 867420, 351355, 701135, 454471, 543808, 356248, 258834, 900220, 726859, 178779, 601113, 473312, 156896, 973294, 564115, 628936, 279712, 925900, 413703, 391908, 990469, 194340, 476368, 674606, 209438, 246840, 755036, 424904, 658747, 818828, 866076, 384639, 485122, 841527, 503414, 161417, 771717, 467363, 545338, 244899, 164588, 750582
332879, 852576, 772356, 814096, 646753, 530889, 943156, 663366, 345105, 297421, 711083, 717074, 433364, 859901, 509099, 330976, 114896, 969489, 288038, 391662, 500092, 653510, 471505, 616492, 884555, 568388, 981689, 712319, 438637, 528484, 536899, 872131, 843225, 581541, 810954, 223487, 221634, 436540, 342973, 889867, 808958, 441537, 331503, 855655, 463614, 811104, 730237, 546892, 321302, 298773, 953719, 746428, 786752, 513863, 225569, 536595, 746234, 946941, 393970, 142404, 287590, 531413, 201916, 831783
750237, 176548, 578258, 400799, 879416, 294623, 717939, 731797, 800254, 685635, 693181, 483809, 571521, 794079, 553503, 833019, 583454, 817123, 869407, 316754, 286150, 676000, 745511, 689750, 965361, 621140, 937849, 125709, 701676, 346501, 655556, 677065, 351835, 737320, 167083, 504264, 164422, 281486, 324663, 530420, 375303, 113283, 122791, 770124, 822996, 540199, 955773, 218349, 238569, 317607, 917507, 304075, 352456, 913176, 367557, 894470, 570986, 208319, 423589, 910203, 848229, 385627, 457134, 651509
473464, 811931, 919259, 400175, 915302, 176866, 959479, 798957, 302413, 115957, 172330, 114140, 500477, 373285, 271629, 750028, 505301, 463469, 857232, 634043, 815685, 494690, 832889, 397218, 268523, 684095, 700678, 328575, 184635, 180712, 206632, 641991, 235959, 710310, 871140, 714905, 464389, 387216, 356982, 699072, 403671, 673785, 449347, 843770, 589274, 985654, 320497, 204092, 965915, 216449, 519968, 922686, 752654, 917274, 536538, 349542, 747975, 986559, 706478, 650455, 892171, 425627, 107413, 779689
926394, 734087, 814738, 178891, 850539, 259379, 551038, 522526, 946450, 713856, 612390, 840436, 730106, 322762, 317490, 581044, 623462, 489442, 557310, 244877, 645363, 963760, 364561, 628172, 310373, 406053, 790832, 278422, 202975, 878184, 710037, 263450, 164958, 346823, 833782, 394454, 518671, 306855, 947201, 867026, 605992, 365698, 917234, 573896, 514985, 902726, 255933, 251564, 846032, 242700, 724970, 323179, 865682, 832405, 470005, 210189, 108984, 587190, 434912, 589267, 439152, 672017, 198623, 433720
516497, 473946, 834866, 252326, 434553, 485718, 472929, 274395, 239511, 761023, 380576, 903758, 523737, 832957, 708901, 363705, 678129, 366929, 476477, 562114, 287432, 294313, 400916, 532263, 562401, 184408, 543232, 268030, 673558, 739083, 723248, 815279, 177813, 101604, 902890, 502471, 454267, 213040, 671083, 371648, 493090, 435968, 289045, 157796, 642380, 514090, 291720, 867808, 959342, 609813, 428057, 403166, 353322, 872107, 457879, 889005, 918414, 723035, 512339, 967954, 463854, 612625, 562843, 118636
897768, 283204, 918109, 935046, 957005, 320653, 405072, 814678, 509161, 157595, 531783, 301027, 351538, 167286, 493797, 548688, 841991, 180055, 819701, 511130, 298880, 949441, 223726, 250910, 430893, 899397, 980017, 248152, 502195, 621957, 206286, 964427, 408265, 260643, 164240, 452077, 403021, 171886, 424507, 345872, 734889, 294562, 552634, 939785, 564965, 739614, 571867, 577178, 461299, 900774, 952675, 276079, 376567, 377185, 209103, 418697, 254482, 315200, 716849, 425976, 997702, 116525, 944583, 696361
441985, 122334, 928179, 680571, 819720, 694271, 385122, 822007, 637501, 182015, 893840, 301380, 144600, 225683, 545096, 694697, 592543, 978020, 733219, 763711, 256308, 711152, 452041, 242101, 676780, 442476, 406862, 342348, 984585, 105176, 341368, 667977, 166751, 176952, 814603, 867750, 420646, 241158, 887905, 188980, 887718, 105831, 575323, 827622, 286603, 588257, 698516, 731529, 174897, 704397, 826994, 448495, 784557, 435287, 238655, 655935, 155388, 932790, 251840, 851337, 696043, 624709, 791753, 743115
732521, 635722, 516130, 729956, 970898, 839738, 533286, 555012, 290402, 642333, 974602, 581907, 171422, 699627, 378806, 975284, 533193, 734811, 258842, 992413, 647691, 610460, 765058, 904180, 726925, 404593, 764797, 197510, 317702, 768545, 735763, 759757, 916226, 139745, 421400, 869831, 886368, 477574, 175975, 708845, 188452, 210988, 486974, 544718, 136233, 350742, 395985, 364920, 422392, 966478, 532248, 140381, 430648, 109094, 839770, 283651, 595515, 745440, 234279, 530892, 675438, 307590, 941042, 294048
771199, 562366, 413955, 673776, 573044, 326246, 474450, 836429, 478309, 267007, 362402, 139959, 305730, 435907, 911599, 940084, 724927, 493964, 229094, 209623, 466802, 727260, 179432, 634740, 598199, 439092, 910929, 145017, 285709, 664532, 915782, 703499, 541216, 278365, 767251, 994813, 491427, 221253, 217802, 543453, 604435, 960317, 707136, 993915, 941122, 619776, 987187, 949067, 887459, 405804, 685853, 803385, 307950, 442422, 345218, 164424, 200534, 444039, 711431, 935627, 143040, 505725, 508646, 550418
527265, 304845, 372033, 722670, 750656, 733106, 192880, 383991, 880537, 882681, 822681, 470704, 651675, 299708, 310241, 180111, 922322, 452847, 597019, 880948, 597653, 788890, 208545, 519858, 401763, 519492, 895498, 116957, 268972, 511265, 643343, 404979, 910437, 794098, 393572, 281923, 234283, 660246, 185991, 356460, 989812, 440696, 289853, 190119, 121358, 161481, 615491, 323126, 823665, 100221, 684175, 175712, 390130, 690919, 875968, 203127, 290514, 380471, 547300, 122610, 387198, 115410, 106681, 596545
310639, 143735, 401272, 816195, 138638, 584984, 763636, 395704, 851514, 963228, 992119, 971596, 648133, 768833, 772321, 785585, 168564, 154170, 277139, 397666, 335892, 519560, 774787, 710734, 494880, 105522, 100727, 933319, 759666, 148908, 206506, 161853, 787705, 486766, 127215, 247774, 693924, 581165, 208255, 457971, 661797, 796125, 435047, 347239, 114601, 927931, 637938, 929750, 972566, 939111, 496899, 213455, 106655, 841624, 361118, 609194, 670771, 469656, 275274, 156277, 844779, 795601, 181746, 939126
696783, 249146, 280685, 208207, 823142, 114366, 408218, 616773, 410755, 583746, 163614, 859133, 310432, 349071, 655703, 315469, 751234, 510375, 757515, 928356, 388453, 160728, 653154, 821016, 499317, 991098, 192246, 227227, 940769, 256212, 713250, 773556, 340756, 442427, 595799, 149765, 436517, 248513, 551108, 350055, 368235, 412230, 921737, 296334, 218676, 773899, 418508, 430622, 710982, 837648, 961036, 255256, 549848, 942265, 741121, 944896, 574818, 698496, 502361, 218458, 893506, 749903, 811338, 514185
643855, 760857, 674483, 188606, 610320, 206984, 416948, 917662, 946338, 378948, 720399, 731360, 667460, 402384, 412160, 119871, 337842, 913329, 803996, 760955, 428691, 856713, 255619, 343823, 560578, 677129, 310520, 619650, 144694, 558878, 488081, 320195, 688663, 320259, 289540, 784496, 101067, 928439, 491771, 705190, 860065, 891857, 214668, 829018, 729176, 878184, 653546, 581120, 114395, 741440, 973895, 102853, 938856, 639195, 312186, 865497, 895084, 423896, 799044, 750640, 931129, 301080, 829407, 883467
434263, 195762, 593819, 885228, 963680, 963738, 401356, 527339, 982406, 125877, 631840, 796391, 855775, 683144, 342146, 479421, 237413, 613273, 401826, 948709, 861626, 851644, 612630, 409006, 384457, 337549, 642983, 680409, 668943, 255265, 225735, 494122, 470185, 479643, 502572, 204778, 847447, 493071, 576404, 618358, 671263, 109973, 183147, 355097, 663819, 985499, 884938, 536658, 733633, 653206, 231461, 113755, 472898, 744258, 672084, 901645, 929990, 384676, 707275, 126269, 364466, 614468, 403090, 666589
788315, 610084, 915052, 727073, 275561, 134086, 356030, 535017, 831611, 556669, 667032, 236409, 970470, 443880, 802247, 486206, 968147, 325405, 375611, 523853, 421980, 411855, 236329, 485206, 806672, 535912, 212134, 459186, 837333, 891358, 902187, 541464, 502465, 708883, 113723, 597320, 519594, 205934, 556119, 691223, 515675, 200171, 933206, 430942, 148570, 173201, 165485, 612026, 869973, 442671, 784218, 622298, 794660, 937866, 602946, 248298, 296156, 373477, 685995, 938856, 221746, 394550, 853050, 952452
518821, 930004, 316169, 407021, 467166, 432637, 139422, 381309, 923880, 707567, 119766, 568357, 171694, 392914, 714311, 143297, 882795, 459185, 303702, 167589, 974359, 103564, 123995, 329071, 274952, 805980, 978728, 363072, 526142, 569556, 231832, 248382, 651728, 434773, 728690, 373763, 759165, 629805, 324599, 892747, 949714, 628806, 380951, 447029, 868612, 111090, 811307, 779820, 968002, 976104, 985908, 631355, 744738, 985903, 409216, 535474, 488758, 265613, 947491, 708055, 473995, 656950, 937715, 166369
696709, 989883, 342821, 171477, 968797, 681023, 631126, 886786, 147663, 687755, 244800, 133996, 872366, 516062, 623604, 471967, 349609, 987701, 911304, 897601, 514507, 598109, 410500, 828649, 393684, 938624, 103304, 410399, 894596, 540463, 458699, 868276, 663851, 260311, 350603, 942054, 903993, 685672, 834761, 415445, 412120, 329543, 940069, 200184, 253133, 142414, 321047, 877433, 347166, 362589, 292421, 685241, 180376, 757410, 228647, 668041, 728911, 994853, 315824, 338173, 579388, 128266, 355350, 423370
592331, 600488, 900621, 881907, 415127, 453027, 263834, 253946, 384751, 243776, 978613, 896359, 529668, 999951, 525912, 698071, 192699, 527938, 605831, 851612, 255752, 940017, 906194, 857450, 156498, 994330, 171028, 628883, 934637, 189337, 863132, 917671, 965400, 164587, 872339, 916640, 784254, 360498, 585053, 393633, 862480, 320680, 556034, 286452, 388552, 147513, 746858, 410330, 995563, 854433, 930509, 897194, 198623, 425048, 289483, 411961, 702832, 470640, 779984, 170906, 830788, 588316, 235564, 892458
799175, 362657, 431785, 675200, 730620, 194402, 916369, 407036, 964000, 838023, 741399, 574846, 977555, 381182, 789959, 649344, 534913, 768630, 687169, 924622, 637688, 338784, 366506, 792136, 795617, 619834, 266674, 277166, 977800, 967492, 662457, 840557, 713009, 803234, 649919, 950251, 708356, 749176, 624314, 562996, 288975, 190971, 689387, 110940, 260122, 605114, 112228, 632873, 613670, 563987, 531160, 519063, 350745, 631585, 824724, 552603, 526620, 250482, 584126, 278715, 926177, 214446, 870956, 522001
699469, 865147, 611070, 383255, 600555, 981970, 360092, 405677, 281233, 891393, 965292, 126528, 626054, 572639, 577422, 264087, 221422, 639054, 268553, 460068, 406959, 794977, 989772, 595331, 642282, 128048, 903840, 812505, 602785, 768994, 123604, 630647, 763891, 508243, 794571, 776576, 560192, 569293, 821258, 547914, 381589, 663870, 904844, 132068, 202880, 135255, 396171, 427328, 261912, 508379, 873076, 604962, 777536, 264420, 888004, 512540, 417994, 118978, 189804, 799467, 273805, 223164, 146050, 314176
450006, 448285, 388002, 648163, 313784, 947254, 174395, 888509, 967653, 999620, 297645, 905367, 216945, 919606, 447193, 904008, 979470, 807165, 992685, 625664, 375889, 512666, 404225, 219347, 390704, 123004, 315031, 335473, 818910, 116869, 658155, 864646, 541936, 682067, 989977, 961796, 697220, 238227, 708282, 329762, 891485, 147434, 619703, 648278, 201493, 423715, 744731, 851100, 984272, 732921, 316864, 646076, 341458, 389563, 623080, 189962, 656349, 796335, 483391, 764714, 956965, 435726, 543613, 620168
410021, 778781, 758273, 530759, 783293, 669279, 751752, 442326, 463558, 597683, 696107, 240728, 123985, 995188, 133665, 531865, 304743, 660244, 836429, 212453, 366689, 529497, 610653, 383235, 802177, 720278, 384498, 548040, 692212, 674908, 476248, 212691, 500092, 324872, 893289, 668079, 308224, 630863, 517581, 143586, 912279, 542472, 999191, 862642, 361561, 213503, 992383, 730595, 168848, 390110, 579189, 287162, 373340, 726695, 974867, 850027, 328431, 547255, 875329, 372780, 440481, 932106, 858257, 400650
148945, 813241, 941210, 451628, 428747, 163342, 434524, 688641, 253963, 294341, 109780, 977988, 950623, 385801, 426036, 329667, 451940, 976999, 944564, 621570, 551429, 701856, 904047, 928070, 778411, 448764, 799604, 507876, 442301, 678866, 293871, 856702, 545551, 223800, 260159, 848086, 435998, 788030, 886734, 718567, 746032, 234260, 373933, 261365, 100229, 765762, 115458, 531363, 916467, 643586, 492923, 154446, 221535, 250570, 727223, 439226, 356386, 773032, 199313, 291045, 678108, 835611, 468634, 102307
945550, 243439, 911086, 664443, 885167, 974788, 662107, 391384, 449743, 582751, 407554, 992565, 491641, 532636, 653285, 598088, 207025, 195369, 313721, 147296, 328209, 317782, 634039, 493786, 157676, 930564, 477577, 567705, 804019, 653954, 654660, 436564, 533513, 975837, 639994, 387046, 275604, 390733, 169282, 225076, 141114, 272373, 287902, 665384, 350823, 901501, 304072, 142656, 244285, 755256, 911979, 375193, 971082, 604796, 554790, 142238, 869277, 248553, 598661, 709630, 988718, 942314, 465139, 710417
175908, 254834, 867919, 676117, 296051, 862349, 459872, 285115, 270749, 952811, 591912, 779149, 652455, 264013, 781644, 592536, 252692, 866521, 170330, 789943, 937093, 827958, 131693, 524350, 439211, 443944, 681250, 302045, 625394, 635037, 999496, 441080, 552228, 319183, 613265, 570704, 730097, 523549, 439934, 134781, 694948, 518347, 169305, 718202, 774857, 102198, 788146, 769703, 939246, 887415, 846410, 172611, 809931, 162298, 520455, 874512, 870335, 493843, 837315, 524018, 756749, 654694, 191516, 645247
119801, 610503, 329767, 208387, 372083, 154845, 110322, 167455, 672040, 155965, 701113, 446711, 932475, 246994, 993222, 677156, 711047, 243868, 582453, 391049, 907010, 395493, 994058, 140275, 832575, 637757, 866734, 836014, 902125, 792952, 903573, 437580, 328675, 670564, 511009, 766865, 234498, 974929, 227398, 207667, 537021, 402884, 642685, 530801, 988939, 452582, 352366, 347063, 847738, 273576, 105003, 904142, 685809, 479328, 765055, 402839, 593276, 591350, 820863, 468051, 841372, 435938, 986676, 868032
656738, 516541, 874339, 535685, 861301, 116625, 547599, 490883, 691698, 829404, 925950, 221770, 133577, 666775, 241139, 472201, 554297, 418932, 791031, 320575, 637246, 485005, 417634, 890930, 802430, 544556, 431590, 147299, 396509, 835959, 345642, 472029, 506948, 462757, 234756, 184396, 152319, 825828, 243810, 522712, 413742, 694501, 382428, 285498, 641073, 971127, 641519, 835202, 141987, 701961, 419285, 517084, 622416, 527033, 569218, 125459, 352699, 936041, 557965, 382933, 371042, 458527, 759996, 419624
166438, 260979, 604063, 354071, 905299, 506554, 877386, 809781, 331587, 759375, 483330, 757866, 614971, 202637, 634011, 194350, 267063, 956105, 318128, 619765, 467370, 215942, 718539, 668124, 194792, 646122, 431685, 853484, 166532, 673347, 399360, 252846, 565039, 144294, 407459, 512764, 783672, 929168, 458196, 986563, 552362, 524785, 887962, 201921, 743406, 657575, 289459, 692875, 961202, 144277, 501319, 344584, 509780, 670629, 957661, 453936, 782202, 718643, 801947, 233928, 303919, 498196, 102414, 492748
194308, 574242, 588047, 414353, 224320, 583460, 837812, 273677, 695226, 549594, 576944, 191722, 689440, 742357, 386583, 359717, 885353, 594779, 257259, 439670, 185951, 634635, 255914, 693785, 308075, 682859, 870910, 475710, 835526, 200342, 669425, 507052, 330844, 148425, 343689, 922243, 730342, 335029, 996894, 893931, 882441, 132758, 747264, 274181, 949432, 292603, 164284, 258626, 227506, 984136, 984665, 483790, 677193, 735152, 472859, 674424, 204215, 347918, 990069, 182189, 420475, 691168, 863011, 216399
489520, 139119, 929602, 743242, 488676, 193646, 810165, 672102, 868615, 630931, 967087, 146410, 175437, 644394, 256365, 668922, 465733, 611440, 411304, 366393, 380984, 975636, 624447, 528763, 500411, 793610, 417643, 268129, 799358, 812873, 643680, 702359, 729059, 516774, 959095, 266409, 679939, 793550, 208607, 400531, 506302, 488170, 894513, 541399, 316469, 423273, 717198, 728084, 703615, 563671, 853144, 319416, 331146, 163941, 254528, 440920, 768039, 500946, 675990, 910881, 343095, 129754, 473134, 844333
644791, 807994, 133933, 374248, 549071, 409042, 765653, 317014, 576398, 528202, 796663, 600158, 196725, 520868, 254094, 938477, 533508, 434565, 920487, 228272, 629861, 887990, 929285, 664164, 850772, 750387, 664588, 343559, 777587, 377033, 197676, 994582, 542457, 737301, 966767, 181431, 959651, 516497, 296797, 465748, 507153, 478950, 951827, 718214, 192068, 650694, 897060, 150639, 762724, 917875, 525831, 536766, 137820, 418476, 234424, 506993, 422275, 673723, 151464, 303477, 487942, 372211, 774380, 858040
936706, 746738, 321156, 160222, 490516, 866757, 783073, 114010, 194497, 699343, 838524, 748035, 305219, 347820, 323155, 617555, 540764, 715407, 732769, 843213, 546919, 436639, 721333, 888834, 601317, 159947, 187360, 890552, 716705, 835702, 639479, 614773, 201046, 968075, 242976, 725378, 929589, 917255, 631817, 843052, 154804, 907742, 389662, 679412, 765668, 310974, 724571, 106994, 894384, 501426, 651874, 776103, 112611, 166546, 827663, 204291, 468274, 250563, 782803, 359457, 913152, 425068, 895943, 995471
770710, 317198, 492401, 915207, 834377, 751465, 937527, 703994, 824633, 318452, 783047, 487029, 829796, 135482, 730539, 518504, 499931, 235772, 742042, 841763, 817036, 159888, 657627, 784258, 759798, 582762, 659944, 986259, 343671, 122123, 826019, 647210, 504156, 171947, 618232, 435545, 647972, 716137, 905145, 414880, 483091, 949009, 947717, 462110, 543474, 319478, 665463, 424058, 647949, 766251, 707813, 615635, 627156, 685065, 544432, 178285, 995010, 816273, 641582, 392251, 113380, 213211, 549669, 442095
843463, 474458, 805527, 325189, 515742, 444266, 433428, 894511, 306856, 861640, 682996, 868803, 773760, 686309, 705488, 194178, 991572, 371972, 635459, 290530, 383006, 419523, 446136, 797292, 488414, 537170, 823632, 168484, 213775, 777675, 806584, 487683, 770746, 580606, 352870, 596269, 732118, 770639, 871629, 717039, 186995, 595057, 762722, 515052, 131176, 474190, 682597, 837890, 964808, 912490, 261004, 140776, 825844, 875808, 916474, 920870, 259138, 744792, 941872, 247181, 751976, 506906, 192843, 157027
113629, 364118, 890540, 844574, 294127, 426237, 246910, 483730, 571426, 456992, 668218, 356644, 987966, 249860, 670501, 657219, 693200, 602125, 279240, 533414, 348586, 663155, 800114, 134383, 383416, 111964, 871493, 415440, 174661, 898057, 437591, 109027, 347846, 289301, 600812, 956816, 730748, 104240, 692149, 806910, 935788, 913377, 352051, 168470, 338736, 650866, 218604, 521924, 950721, 308447, 300101, 529015, 649293, 298023, 709923, 758928, 539330, 977299, 972269, 237150, 248867, 920358, 795454, 644035
253299, 622514, 508069, 132437, 715109, 340032, 296218, 723020, 182470, 711464, 894523, 311614, 629133, 565304, 122003, 758544, 375653, 406359, 546732, 837652, 809593, 346984, 705061, 971586, 730266, 324021, 624839, 893230, 849588, 505828, 608284, 144207, 476658, 829325, 624650, 480038, 300725, 572674, 700519, 668686, 721289, 955879, 922037, 763254, 914490, 645198, 126869, 657355, 223391, 199556, 668022, 731105, 841894, 935134, 503637, 179083, 928091, 912337, 235777, 642482, 483491, 441362, 189281, 797590
618838, 255182, 333453, 536253, 431743, 479397, 476205, 158282, 992097, 869862, 854913, 287557, 815322, 421989, 667005, 375165, 639801, 566844, 169429, 961912, 631789, 151561, 362560, 522736, 436841, 437741, 395720, 174245, 175564, 761954, 144242, 133535, 871759, 463452, 356478, 831956, 183211, 640137, 452453, 332783, 661976, 705256, 754272, 625730, 541110, 403705, 324645, 629219, 985269, 754450, 576149, 225339, 530852, 274445, 515312, 572889, 831382, 579119, 731484, 736869, 966456, 862722, 188936, 982738
824666, 353782, 812613, 356105, 667441, 496562, 421728, 292524, 905894, 728562, 832084, 720547, 272549, 443153, 839088, 812830, 703975, 665232, 551248, 717702, 779194, 898611, 705702, 419407, 815458, 805063, 686790, 660788, 135229, 270621, 687369, 888152, 901054, 810870, 315806, 158292, 736341, 782949, 146904, 122155, 203489, 230011, 837803, 431029, 368219, 513507, 320705, 862601, 609313, 723608, 846859, 418576, 498056, 677889, 843580, 729538, 295066, 573800, 294467, 293344, 983018, 339088, 861772, 564713
918158, 203750, 923922, 869596, 804314, 264302, 516966, 664228, 986673, 457766, 313583, 221745, 545074, 984918, 872008, 584704, 528577, 672245, 264722, 907421, 828775, 806549, 831463, 633009, 495538, 710793, 386922, 962376, 873741, 905562, 649439, 149521, 198752, 632351, 493128, 612026, 320397, 808389, 102558, 269395, 609890, 212661, 834992, 627402, 291745, 749489, 688628, 991367, 233784, 310736, 639570, 881713, 673727, 578592, 802929, 754440, 108985, 986982, 531302, 274264, 678079, 780719, 392528, 717787
877816, 150784, 199702, 957455, 829834, 195220, 606720, 812811, 736407, 912044, 512551, 377136, 752423, 592624, 433884, 884070, 258848, 557543, 770554, 936715, 419398, 924419, 425590, 844300, 990499, 315554, 202047, 851390, 112161, 844228, 148231, 405253, 360144, 871790, 430777, 227419, 774736, 789850, 225136, 364852, 192433, 220897, 558131, 290674, 937837, 563453, 481183, 813911, 168496, 312605, 606601, 387787, 528580, 493133, 399603, 231521, 807578, 493363, 103122, 474466, 263037, 685187, 979979, 126833
239884, 824050, 601470, 976980, 785276, 480527, 443584, 613511, 390629, 374831, 236623, 773623, 962886, 148424, 194111, 261131, 558415, 144527, 218971, 853617, 803455, 732335, 631710, 936514, 429772, 636273, 687766, 872768, 515726, 407680, 893023, 549305, 266432, 285822, 377722, 561156, 258626, 935427, 960448, 403043, 863783, 489884, 174434, 729941, 430101, 713506, 776559, 539844, 386916, 646016, 887924, 391095, 622740, 871110, 948260, 656190, 422436, 176740, 425553, 719393, 318421, 127889, 637235, 328958
600742, 876471, 598806, 125599, 377803, 108590, 198130, 457748, 302128, 885889, 910920, 208325, 771279, 841046, 521714, 335653, 490391, 212229, 368399, 800290, 916133, 430324, 205007, 582897, 790146, 715809, 426909, 292328, 529613, 184631, 439843, 443177, 195180, 981562, 243154, 470466, 729725, 623907, 448596, 466032, 151197, 354727, 827187, 223294, 283038, 328905, 607856, 736354, 404100, 907397, 791994, 842598, 845109, 288652, 147275, 489510, 335846, 336392, 576348, 145464, 905626, 378238, 955006, 501202
264159, 106577, 109043, 755234, 213981, 188430, 795126, 209287, 889177, 806740, 870029, 165592, 844572, 562654, 578956, 927773, 429397, 312698, 374941, 540245, 661544, 499041, 572893, 139290, 336633, 249659, 796946, 237020, 137080, 870019, 454434, 495948, 545248, 476719, 764324, 903488, 742343, 808048, 433352, 256136, 541269, 588486, 501500, 216643, 416348, 520511, 179573, 860369, 666509, 359182, 873639, 537271, 707296, 634327, 794798, 759739, 852422, 719364, 473162, 766050, 327635, 683303, 839144, 630475
608149, 203886, 380588, 539334, 273521, 852099, 109784, 189941, 489640, 715502, 114129, 755703, 423165, 434339, 187554, 357349, 967601, 284828, 297584, 907033, 949324, 555449, 482531, 224409, 319619, 777898, 322019, 730383, 971865, 460344, 396385, 154095, 335836, 188617, 727590, 977481, 298865, 475747, 719065, 297927, 720008, 713709, 625367, 240688, 614571, 448266, 390241, 395887, 903712, 752376, 138830, 707223, 247986, 567686, 309034, 947992, 985750, 195781, 833373, 343626, 302555, 633092, 687219, 685988
880618, 534157, 385521, 532328, 978803, 799911, 631521, 844280, 691532, 855065, 382665, 295899, 333851, 272452, 388191, 342888, 470578, 705488, 654410, 648481, 598979, 959686, 266206, 315284, 311818, 215401, 456617, 579836, 521934, 220321, 126628, 221110, 943514, 411034, 730296, 721377, 682845, 895470, 818461, 185454, 738623, 828847, 185012, 268744, 933113, 536103, 714815, 330024, 899841, 938945, 591494, 115919, 109489, 689896, 876024, 157468, 430831, 173053, 723055, 399395, 231402, 862969, 231769, 264047
543512, 850913, 125212, 488105, 340093, 785428, 509464, 574400, 107338, 759024, 912256, 602973, 978018, 645286, 919181, 808791, 760828, 718761, 726084, 299925, 890099, 737324, 439864, 478531, 181368, 444208, 626747, 495618, 818329, 120473, 589311, 802995, 109981, 268503, 781424, 542042, 731346, 725762, 345375, 557958, 340853, 881233, 524053, 417002, 889106, 938929, 731393, 380691, 347868, 510103, 781213, 505579, 637266, 885184, 900777, 166688, 746308, 822012, 723208, 907169, 942411, 362612, 136176, 299311
889983, 494010, 707016, 298054, 127115, 719857, 564141, 680521, 803439, 538580, 498362, 536219, 244732, 304195, 396458, 637721, 932242, 636842, 841167, 796472, 707201, 919355, 311367, 654142, 818376, 214604, 496945, 384395, 673475, 958459, 255393, 992372, 744283, 834255, 585071, 648523, 527075, 776840, 963133, 173758, 625009, 644389, 941233, 858400, 219667, 254954, 438960, 180162, 111747, 775674, 735105, 649527, 445612, 164547, 480561, 746303, 492068, 331463, 171230, 481932, 874226, 531376, 398595, 595327
538832, 162121, 138013, 526827, 921080, 719340, 881712, 497556, 737556, 213553, 226904, 360545, 762264, 351413, 867037, 935788, 322952, 982103, 767501, 978515, 100565, 152873, 418083, 869675, 680607, 716365, 842856, 169567, 733671, 583103, 971276, 338690, 915018, 579115, 891922, 428570, 293930, 125510, 180781, 821382, 927377, 493245, 615804, 281676, 435769, 382033, 969057, 420368, 364845, 825495, 466523, 891615, 629014, 455240, 903186, 752960, 387482, 577681, 505391, 324998, 661312, 768120, 265478, 300355
532069, 909846, 874528, 792116, 348466, 911043, 719269, 264299, 858259, 684748, 633092, 178491, 491315, 633121, 450531, 303431, 782722, 179638, 646462, 511914, 945991, 356364, 352308, 589615, 266949, 708299, 889850, 519220, 665465, 946647, 564404, 147941, 751089, 728140, 350781, 274794, 531585, 142371, 681956, 339017, 142469, 142218, 577941, 625968, 790776, 299822, 706188, 289425, 829540, 424518, 476164, 995013, 677442, 968895, 117675, 196505, 305940, 507016, 445069, 623888, 404760, 117392, 387806, 938559
590481, 299624, 734437, 195329, 513207, 911175, 795037, 401228, 193429, 418696, 653857, 235138, 171316, 852445, 857138, 162860, 175785, 678604, 205368, 833295, 200048, 408246, 930934, 594231, 305076, 755524, 312463, 102601, 995749, 753679, 959237, 682203, 462587, 408490, 477789, 886382, 572992, 342644, 884244, 493817, 467556, 396488, 106884, 597566, 427020, 229317, 198864, 894838, 279425, 277222, 966309, 707015, 972328, 343788, 178427, 170767, 390327, 142935, 772283, 339009, 780704, 400958, 474381, 995679
651991, 798256, 604093, 945879, 936193, 967290, 989983, 690290, 156428, 839961, 733187, 420328, 405673, 419973, 986379, 126518, 948943, 150602, 113300, 592270, 620563, 115060, 411931, 173554, 462211, 972787, 993409, 776082, 623387, 716538, 440676, 770325, 979532, 947274, 345041, 366062, 498148, 684337, 578298, 906864, 773694, 233124, 487298, 657874, 195384, 940742, 949069, 972352, 701049, 893106, 456773, 635808, 469724, 501920, 915879, 848431, 812047, 240967, 451840, 927075, 216793, 989992, 108824, 693168
