570425, 161057, 997610, 269392, 367370, 569590, 166327, 444134, 986463, 228993, 188572, 349885, 498340, 701665, 223557, 695402, 478089, 572697, 577157, 678491, 598821, 968053, 540752, 464228, 451700, 631560, 932107, 457371, 460089, 578060, 954014, 502940
189742, 393304, 493444, 239759, 749803, 229149, 842899, 824662, 471764, 662435, 342604, 757066, 100705, 227453, 575350, 833436, 850433, 954008, 377769, 364523, 277727, 526586, 218864, 620654, 987944, 531016, 818195, 209484, 588667, 450169, 992214, 265380
395060, 151876, 590987, 225249, 158367, 761858, 677615, 515248, 511262, 430082, 991998, 886229, 843249, 939550, 155761, 481915, 895318, 304729, 881223, 493909, 623347, 932432, 498661, 251240, 581387, 868466, 393772, 751348, 561955, 792390, 327083, 359409
616724, 168401, 906267, 588449, 156009, 314928, 481506, 438925, 793801, 778789, 781993, 768047, 848174, 759198, 405246, 749162, 810340, 255316, 384853, 163695, 240291, 812713, 139545, 708295, 327287, 462815, 970346, 698041, 587993, 715201, 582294, 663004
515884, 414051, 242718, 784831, 742284, 530346, 661127, 638769, 314117, 276641, 144940, 442874, 406436, 640955, 780015, 847432, 920831, 777516, 436790, 551556, 700210, 845902, 806064, 396365, 543317, 814778, 622191, 339313, 781615, 575604, 553821, 988753
354452, 699552, 140937, 656000, 594604, 170053, 589168, 828589, 604981, 655357, 561953, 860520, 245401, 914305, 645600, 312661, 463647, 274718, 553305, 650687, 874175, 165819, 132848, 817531, 431682, 769650, 815072, 766731, 700357, 655845, 782210, 743699
361768, 411082, 614283, 291025, 404626, 739933, 951555, 391839, 980950, 194355, 205112, 180598, 455214, 426455, 133340, 961728, 551023, 714797, 768692, 487436, 257326, 872360, 821177, 407724, 524296, 905075, 736567, 689611, 447262, 998698, 960687, 378078
903531, 306129, 593975, 658014, 194397, 588206, 411369, 178839, 877233, 668965, 431710, 490379, 439088, 169038, 380803, 680184, 914950, 153970, 694229, 979666, 585676, 758193, 921670, 544371, 707826, 169547, 418077, 676644, 115433, 871509, 439403, 550831
665686, 699203, 910188, 153407, 849957, 896468, 494082, 808253, 392087, 187908, 133364, 274757, 690200, 648967, 487277, 998395, 351573, 399538, 467187, 710307, 810787, 602489, 988355, 956362, 129173, 829610, 239645, 393142, 141004, 632113, 784998, 379004
175990, 393477, 649650, 383190, 839260, 320572, 885293, 421606, 715243, 932532, 254506, 856962, 894414, 797990, 143493, 496963, 730451, 821285, 448379, 739083, 805875, 972121, 784196, 527113, 237386, 965866, 182432, 623722, 503806, 700159, 288313, 205497
293802, 725867, 227771, 809297, 268804, 564431, 241308, 412656, 357357, 648954, 754709, 892516, 148014, 502342, 498194, 336504, 334286, 785615, 105378, 459305, 602136, 107008, 168533, 171283, 960801, 731601, 973851, 606975, 544747, 623980, 264292, 823301
810673, 168679, 299073, 188165, 510730, 428804, 846577, 783805, 913487, 352481, 961754, 750619, 200847, 169458, 298180, 547953, 927713, 881214, 258992, 850545, 174455, 427950, 937845, 258777, 285502, 751557, 857147, 282317, 731570, 902644, 765217, 898503
178081, 742455, 343340, 237502, 835882, 839024, 272804, 693673, 713773, 537889, 376549, 931818, 264877, 622631, 747315, 246256, 388017, 641207, 516745, 586628, 121104, 418211, 551964, 498203, 789338, 252302, 727242, 823900, 604644, 450881, 548924, 380640
138634, 449761, 246454, 827640, 132085, 560976, 500005, 970763, 259427, 878598, 223254, 192982, 332054, 807369, 670135, 240083, 166907, 397234, 586960, 868870, 243015, 865220, 342739, 516829, 369940, 872457, 860051, 749469, 718641, 591314, 363932, 924207
238859, 113757, 379049, 464430, 724388, 520073, 148891, 276006, 281229, 666347, 517503, 642864, 109527, 579248, 771630, 710989, 174991, 246071, 895542, 535105, 628471, 300157, 528096, 954971, 759613, 177436, 589473, 503392, 624412, 516138, 776655, 432041
496066, 393521, 167179, 548004, 660400, 363922, 515748, 653767, 643286, 714919, 649980, 993570, 272432, 444873, 842603, 557685, 127412, 881786, 697215, 729528, 886166, 659593, 421090, 817366, 348139, 715949, 251031, 888555, 833675, 180754, 972385, 703609
752847, 337221, 211084, 409733, 551654, 829463, 711848, 170534, 830147, 288590, 689842, 814860, 476852, 597603, 590210, 964557, 156923, 919070, 318884, 853447, 335374, 318364, 841229, 429729, 348113, 975731, 250333, 742228, 823843, 334872, 933476, 272750
946452, 904051, 470479, 306752, 685163, 204603, 890600, 166881, 471114, 398440, 474997, 835789, 989743, 485349, 710066, 211696, 626237, 329219, 634573, 374798, 812109, 568672, 605493, 588543, 330266, 386730, 304772, 516895, 823054, 531456, 166068, 293332
474073, 186676, 939173, 684912, 934905, 476323, 868499, 828656, 367796, 168130, 707259, 495725, 650501, 284406, 597229, 492581, 204807, 190705, 783972, 117318, 357368, 596715, 528782, 357955, 903652, 307346, 137455, 816738, 611019, 103651, 921529, 811279
267405, 671064, 223287, 281343, 613547, 730395, 307412, 700521, 990526, 180059, 839000, 382666, 324776, 866379, 962249, 675586, 464565, 318486, 294178, 173012, 340938, 768637, 170999, 779362, 529705, 993325, 723108, 483962, 424483, 653230, 854662, 557261
986429, 722015, 704268, 213948, 194358, 230080, 686001, 468011, 836581, 699800, 913191, 963482, 125712, 362551, 281520, 125157, 807912, 242718, 142029, 748831, 192173, 109107, 657381, 635007, 901355, 252054, 412847, 922995, 175606, 473931, 928305, 764717
144443, 371318, 179239, 879415, 293400, 592906, 635770, 934272, 789428, 148738, 957349, 943721, 781668, 593740, 790993, 181154, 210921, 585168, 622734, 901221, 243156, 875304, 116804, 364553, 444457, 251762, 719820, 960850, 548311, 783455, 766423, 675829
680304, 310646, 297641, 455430, 200996, 469085, 309301, 236438, 199763, 208707, 185073, 655882, 521033, 842956, 121367, 309665, 883360, 170669, 553769, 753656, 395518, 370080, 847646, 892609, 484350, 869411, 355635, 760403, 655167, 433133, 207732, 714208
248209, 841868, 155755, 148347, 583633, 139966, 774701, 703818, 555884, 881048, 199027, 871219, 944034, 520049, 549960, 844957, 982085, 908065, 736277, 907837, 904540, 212430, 622690, 601097, 129885, 974830, 200303, 533541, 222854, 606276, 523439, 299093
499506, 526565, 495458, 903769, 336623, 600896, 717438, 793305, 684737, 109411, 846454, 717757, 263751, 268486, 878091, 243944, 359589, 903530, 123394, 688001, 957439, 530457, 510434, 996611, 770752, 435677, 436079, 270246, 407470, 484035, 954950, 952933
593042, 544379, 602864, 683915, 563396, 461483, 480185, 589874, 655672, 899157, 625373, 847618, 466512, 141351, 466230, 759774, 780890, 919937, 873255, 113290, 542251, 267840, 881232, 733737, 777062, 464919, 991673, 106762, 660741, 875240, 280088, 763167
911563, 702429, 948325, 561134, 871210, 145849, 311408, 538799, 789209, 113687, 411081, 528956, 594956, 513563, 211374, 184993, 414348, 428590, 778249, 389180, 461663, 746850, 548711, 923256, 973910, 887536, 961123, 326305, 592123, 116010, 323843, 389233
142330, 756328, 624855, 760899, 121344, 377146, 385779, 451888, 967738, 403489, 990037, 746017, 733829, 927957, 489269, 380072, 439943, 239070, 509644, 321209, 649155, 363816, 185864, 634825, 349082, 384202, 700180, 341072, 800074, 702015, 157336, 253778
226060, 806116, 506770, 383386, 404862, 478120, 348181, 424925, 472805, 638109, 840667, 151181, 424886, 983897, 822936, 181686, 175759, 304997, 408169, 695558, 318705, 122193, 861257, 137428, 241175, 983481, 459008, 954185, 960592, 329722, 286474, 513263
537033, 162685, 837015, 564245, 928774, 158648, 510387, 610857, 947928, 226734, 667335, 203126, 227071, 245392, 279173, 134123, 114422, 787884, 669116, 804962, 125625, 299447, 373328, 474395, 654457, 492168, 845321, 957447, 200366, 431941, 222152, 176976
980852, 829318, 256122, 238874, 324446, 633249, 505088, 350432, 968137, 221143, 476133, 281177, 974966, 855630, 394871, 737899, 647524, 141300, 276926, 368696, 519866, 991179, 381330, 950422, 770692, 496328, 910065, 929125, 718798, 901482, 478120, 652997
171080, 517131, 983626, 396840, 261328, 886977, 991521, 731785, 756681, 409408, 930111, 402547, 762662, 507291, 736397, 457287, 264157, 839164, 279421, 520769, 321929, 704530, 563376, 693571, 140732, 483714, 856228, 105712, 216215, 856404, 922817, 692753
